wl	PWM109
187.275	0
187.74	0
188.205	0
188.671	0
189.136	0
189.601	0
190.066	0
190.532	0
190.997	0
191.462	0
191.927	0
192.392	0
192.857	0
193.322	0
193.786	0
194.251	0
194.716	0
195.181	0
195.646	0
196.11	0
196.575	0
197.04	0
197.504	0
197.969	0
198.433	0
198.898	0
199.362	0
199.826	0
200.291	-2.22
200.755	23.64
201.219	6.96
201.684	12.22
202.148	12.36
202.612	5.32
203.076	-1.27
203.54	2.18
204.004	9.32
204.468	5.86
204.932	2.12
205.396	-5
205.86	8.16
206.324	2.99
206.788	2.83
207.251	1.32
207.715	7.47
208.179	-7.66
208.642	10.74
209.106	7.71
209.57	-4.58
210.033	2.16
210.497	2.28
210.96	-1.86
211.424	-1.13
211.887	-2.38
212.35	-0.87
212.814	5.81
213.277	6.4
213.74	5.78
214.203	-3.58
214.667	-0.55
215.13	0.66
215.593	-2.08
216.056	4.54
216.519	-0.64
216.982	-0.43
217.445	4.73
217.908	2.15
218.37	2.18
218.833	0.81
219.296	4.31
219.759	2.4
220.221	-0.53
220.684	-2.53
221.147	0.54
221.609	0.17
222.072	1.78
222.534	4.16
222.997	-0.38
223.459	1.72
223.922	2.2
224.384	-1.12
224.846	1.43
225.309	-0.47
225.771	-1.29
226.233	-0.7
226.695	4.28
227.157	-2.48
227.619	1.33
228.081	0.85
228.543	2.4
229.005	3.33
229.467	1.61
229.929	1.74
230.391	1.62
230.853	0.21
231.315	-0.2
231.776	0.08
232.238	-0.36
232.7	1.08
233.161	-0.63
233.623	1.25
234.084	0.79
234.546	0.56
235.007	0.27
235.469	-0.2
235.93	0.35
236.391	0.05
236.853	1.25
237.314	1.37
237.775	1.4
238.236	0.14
238.697	0.22
239.159	0.27
239.62	0.08
240.081	1.94
240.542	-0.58
241.003	1.85
241.463	1.14
241.924	0.44
242.385	-0.35
242.846	0.46
243.307	2.32
243.767	0.78
244.228	-0.37
244.689	0.83
245.149	0.95
245.61	0.97
246.07	-1.25
246.531	1.53
246.991	0.4
247.451	1.07
247.912	-0.02
248.372	0.14
248.832	0.3
249.293	0.1
249.753	1.12
250.213	-0.36
250.673	0.55
251.133	-0.19
251.593	0.84
252.053	1.68
252.513	0.41
252.973	1.35
253.433	-0.14
253.893	0.12
254.352	0.61
254.812	0.36
255.272	1.24
255.732	1.39
256.191	0.06
256.651	0.45
257.11	2.64
257.57	0.33
258.029	0.88
258.489	-0.85
258.948	0.48
259.407	0.8
259.867	-1.08
260.326	0.84
260.785	1.1
261.244	0.65
261.703	0.15
262.163	0.66
262.622	0.32
263.081	0.48
263.54	0.99
263.999	0.38
264.457	1.54
264.916	-1.12
265.375	1.6
265.834	0.7
266.293	0.16
266.751	0.69
267.21	0.67
267.669	0.04
268.127	0.52
268.586	0.54
269.044	0.78
269.503	-0.63
269.961	-0.07
270.419	-0.21
270.878	-0.31
271.336	0.9
271.794	0.95
272.252	0.7
272.711	0.45
273.169	-0.41
273.627	-0.45
274.085	0.81
274.543	1.23
275.001	0.63
275.459	-0.23
275.917	0.94
276.374	0.51
276.832	0.59
277.29	0.35
277.748	0.64
278.205	0.57
278.663	0.61
279.121	0.58
279.578	0.52
280.036	1.09
280.493	0.64
280.951	-0.6
281.408	-0.12
281.865	0.47
282.323	0.07
282.78	0.01
283.237	-0.21
283.694	0.32
284.151	0.87
284.609	0.6
285.066	0.56
285.523	-0.23
285.98	0.76
286.437	0.5
286.893	-0.23
287.35	0.14
287.807	0.46
288.264	1.22
288.721	0.34
289.177	-0.19
289.634	0.14
290.09	0.64
290.547	0.62
291.004	1.17
291.46	0.49
291.916	0.28
292.373	0.43
292.829	1.18
293.286	0.08
293.742	0.62
294.198	0.7
294.654	0.03
295.11	0.29
295.566	-0.3
296.022	0.29
296.478	0.15
296.934	-0.1
297.39	0.02
297.846	1.1
298.302	0.44
298.758	0.27
299.214	0.85
299.669	0.82
300.125	0.03
300.581	0.84
301.036	0.82
301.492	-0.06
301.947	0.29
302.403	0.47
302.858	0.78
303.314	-0.19
303.769	0.2
304.224	-0.44
304.68	0.63
305.135	0.47
305.59	0.7
306.045	0.37
306.5	0.11
306.955	0.81
307.41	0.24
307.865	-0.07
308.32	0.59
308.775	0.64
309.23	0.65
309.685	-0.22
310.139	-0.16
310.594	0.36
311.049	0.64
311.503	0.36
311.958	-0.27
312.413	0.41
312.867	0.48
313.322	0.52
313.776	0.44
314.23	0
314.685	-0.02
315.139	0.37
315.593	0.41
316.047	0.57
316.502	0.21
316.956	0.7
317.41	0.47
317.864	0.19
318.318	0.38
318.772	0.16
319.226	-0.09
319.68	0.2
320.133	0.15
320.587	0.23
321.041	0.49
321.495	0.35
321.948	0.12
322.402	0.02
322.855	0.19
323.309	-0.11
323.762	0.34
324.216	-0.06
324.669	0.18
325.123	0.19
325.576	0.29
326.029	-0.21
326.482	-0.04
326.935	0.43
327.389	-0.04
327.842	0.18
328.295	0.6
328.748	-0.36
329.201	-0.27
329.654	0.07
330.107	0.21
330.559	0.72
331.012	0.32
331.465	0.35
331.918	0.89
332.37	0.59
332.823	0.08
333.275	0.37
333.728	-0.07
334.18	0.86
334.633	-0.1
335.085	-0.13
335.538	-0.03
335.99	0.33
336.442	0.43
336.894	0.23
337.347	0.33
337.799	0.46
338.251	0.33
338.703	0.47
339.155	0.37
339.607	0.12
340.059	0.12
340.511	0.06
340.963	0.08
341.414	0.49
341.866	0.61
342.318	-0.05
342.769	0.27
343.221	-0.49
343.673	0.41
344.124	0.35
344.576	-0.1
345.027	-0.24
345.478	0.39
345.93	0.37
346.381	-0.08
346.832	0.21
347.284	0.15
347.735	0.78
348.186	0.12
348.637	0.49
349.088	0.13
349.539	0.44
349.99	0.48
350.441	0.35
350.892	0.31
351.343	0.49
351.793	-0.14
352.244	0.23
352.695	0.45
353.146	0.16
353.596	0.25
354.047	0
354.497	0.53
354.948	0.3
355.398	-0.1
355.848	0.37
356.299	0.23
356.749	0.46
357.199	0.58
357.65	0.6
358.1	-0.02
358.55	0.18
359	0.48
359.45	0.4
359.9	-0.05
360.35	0.04
360.8	-0.26
361.25	0.17
361.699	-0.14
362.149	-0.36
362.599	0.44
363.049	-0.24
363.498	0.07
363.948	0.52
364.397	0.17
364.847	-0.32
365.296	0.17
365.746	0.46
366.195	0.11
366.644	0.52
367.094	0.55
367.543	0.08
367.992	0.12
368.441	-0.3
368.89	0.38
369.339	0
369.788	0.14
370.237	-0.01
370.686	0.55
371.135	-0.32
371.584	0.05
372.033	0.05
372.482	0.59
372.93	0.75
373.379	0.28
373.827	0.06
374.276	-0.27
374.725	0.74
375.173	0.4
375.621	-0.08
376.07	0.22
376.518	-0.09
376.966	-0.33
377.415	0.2
377.863	0.45
378.311	-0.07
378.759	0.01
379.207	0.47
379.655	0.51
380.103	-0.43
380.551	0.21
380.999	0.36
381.447	-0.07
381.895	-0.06
382.342	0.1
382.79	-0.13
383.238	0.56
383.685	0.18
384.133	-0.08
384.58	0.05
385.028	0.36
385.475	0.12
385.923	-0.07
386.37	-0.35
386.817	0.16
387.265	0.33
387.712	0.25
388.159	0.25
388.606	0.32
389.053	0.18
389.5	-0.01
389.947	-0.39
390.394	-0.14
390.841	0.13
391.288	0.05
391.735	0.14
392.181	0.37
392.628	-0.01
393.075	0.01
393.521	0.01
393.968	0.15
394.414	0.57
394.861	0.23
395.307	0.08
395.754	0.1
396.2	0.35
396.646	-0.18
397.093	-0.2
397.539	-0.22
397.985	-0.18
398.431	0.64
398.877	0.42
399.323	0.41
399.769	0.18
400.215	0.24
400.661	0.18
401.107	0.29
401.552	0.43
401.998	-0.02
402.444	0.15
402.889	0.18
403.335	-0.21
403.781	0.41
404.226	0.06
404.672	0.29
405.117	0.59
405.562	0.4
406.008	0.41
406.453	0.53
406.898	0.38
407.343	0.19
407.789	0.17
408.234	0.1
408.679	0.37
409.124	0.54
409.569	0.12
410.014	0.32
410.458	-0.01
410.903	0.09
411.348	-0.04
411.793	0.15
412.237	0.85
412.682	0.89
413.127	0.67
413.571	0.45
414.016	0.14
414.46	0.23
414.904	0.46
415.349	0.94
415.793	-0.05
416.237	0.45
416.682	-0.1
417.126	0.31
417.57	0.29
418.014	0.87
418.458	0.29
418.902	0.44
419.346	0.61
419.79	0.76
420.233	0.9
420.677	0.24
421.121	0.33
421.565	0.7
422.008	1.17
422.452	0.7
422.895	0.99
423.339	0.86
423.782	1.41
424.226	1.37
424.669	1.61
425.113	1.67
425.556	1.24
425.999	1.54
426.442	1.61
426.885	2.14
427.328	2.35
427.771	2.76
428.214	2.65
428.657	2.55
429.1	3.26
429.543	3.45
429.986	3.42
430.429	3.52
430.871	3.28
431.314	4.31
431.757	4.62
432.199	4.51
432.642	5.41
433.084	5.66
433.527	5.49
433.969	6.06
434.411	6.43
434.854	6.81
435.296	7.49
435.738	7.63
436.18	8.35
436.622	9.24
437.064	9.53
437.506	10.57
437.948	11.11
438.39	12.04
438.832	12.57
439.274	13.72
439.715	14.58
440.157	15.33
440.599	16.67
441.04	17.84
441.482	19.25
441.924	19.53
442.365	21.68
442.806	23.22
443.248	24.13
443.689	26.21
444.13	27.48
444.572	29.53
445.013	31.66
445.454	33.77
445.895	36.43
446.336	38.23
446.777	40.74
447.218	42.67
447.659	46.49
448.1	48.96
448.54	51.42
448.981	55.38
449.422	58.67
449.863	62.12
450.303	65.9
450.744	69.4
451.184	72.73
451.625	77.39
452.065	82.36
452.505	86.48
452.946	90.47
453.386	94.37
453.826	98.4
454.266	103.04
454.707	108.39
455.147	111.39
455.587	116.61
456.027	118.99
456.467	124.93
456.906	126.71
457.346	130.77
457.786	132.24
458.226	135.48
458.666	138.07
459.105	140.83
459.545	141.59
459.984	143.64
460.424	143.88
460.863	143.04
461.303	143.58
461.742	142.94
462.181	141.01
462.621	141.6
463.06	140.35
463.499	138.81
463.938	136.45
464.377	134.11
464.816	130.92
465.255	129.2
465.694	126.63
466.133	123.5
466.572	121.6
467.01	118.78
467.449	115.04
467.888	112.45
468.326	110.21
468.765	106.18
469.203	103.47
469.642	101.01
470.08	98.22
470.519	96.35
470.957	92.7
471.395	90.41
471.834	88.26
472.272	85.56
472.71	83.54
473.148	82.01
473.586	80.21
474.024	77.33
474.462	75.73
474.9	73.1
475.338	71.1
475.775	69.63
476.213	68.11
476.651	66.65
477.088	64.38
477.526	62.36
477.964	61.1
478.401	59.44
478.838	57.64
479.276	56.04
479.713	54.59
480.15	53.09
480.588	51.68
481.025	50.62
481.462	49.21
481.899	48.04
482.336	46.6
482.773	46.16
483.21	44.59
483.647	43.21
484.084	42.36
484.521	41.69
484.957	40.66
485.394	40.03
485.831	39.16
486.267	38.66
486.704	38.14
487.14	37.44
487.577	37.12
488.013	36.73
488.45	35.98
488.886	35.36
489.322	35.52
489.758	35.36
490.195	34.87
490.631	34.76
491.067	34.93
491.503	34.07
491.939	34.24
492.375	34.18
492.81	34.11
493.246	34.2
493.682	34.6
494.118	34.44
494.553	34.65
494.989	34.87
495.424	35.14
495.86	35.3
496.295	35.76
496.731	35.77
497.166	36.62
497.602	36.65
498.037	37.17
498.472	37.62
498.907	37.99
499.342	38.76
499.777	39.5
500.212	40.28
500.647	41.07
501.082	41.76
501.517	42.19
501.952	42.91
502.387	43.74
502.821	45.1
503.256	45.87
503.69	46.69
504.125	47.8
504.56	48.9
504.994	49.8
505.428	50.89
505.863	52
506.297	53.03
506.731	54.23
507.165	55.46
507.6	56.64
508.034	57.98
508.468	59.01
508.902	60.12
509.336	61.46
509.77	62.73
510.203	63.83
510.637	65.06
511.071	66.11
511.505	67.44
511.938	67.94
512.372	68.94
512.805	70.37
513.239	70.56
513.672	71.76
514.106	72.41
514.539	73.26
514.972	73.82
515.406	74.4
515.839	74.66
516.272	75.58
516.705	75.7
517.138	75.43
517.571	75.75
518.004	76.11
518.437	76.1
518.87	75.88
519.302	75.56
519.735	75.51
520.168	74.89
520.6	74.64
521.033	74.45
521.466	73.98
521.898	73.02
522.33	72.25
522.763	71.38
523.195	71.03
523.627	70.29
524.06	69.53
524.492	68.9
524.924	68.13
525.356	67.34
525.788	66.47
526.22	66.05
526.652	64.72
527.084	64.04
527.516	63.58
527.947	62.44
528.379	61.69
528.811	61
529.242	60.44
529.674	59.53
530.105	59.01
530.537	58.11
530.968	57.95
531.399	56.8
531.831	56.77
532.262	55.58
532.693	55.66
533.124	54.44
533.555	54.44
533.986	53.33
534.417	53.22
534.848	52.35
535.279	52.15
535.71	51.92
536.141	51.42
536.572	50.82
537.002	50.13
537.433	49.75
537.863	49.35
538.294	49.15
538.724	48.6
539.155	48.59
539.585	47.81
540.015	47.5
540.446	47.29
540.876	46.72
541.306	46.25
541.736	45.96
542.166	46.04
542.596	45.4
543.026	44.98
543.456	44.64
543.886	44.39
544.316	44.04
544.745	43.86
545.175	43.29
545.605	43.4
546.034	42.95
546.464	42.35
546.893	42.53
547.323	42.18
547.752	42
548.181	41.86
548.611	41.15
549.04	41.33
549.469	41.11
549.898	40.69
550.327	40.44
550.756	40.62
551.185	39.89
551.614	40.38
552.043	39.94
552.472	39.92
552.9	39.6
553.329	39.61
553.758	39.18
554.186	39.25
554.615	39.33
555.043	38.86
555.472	39.08
555.9	38.72
556.328	38.77
556.757	38.91
557.185	38.59
557.613	38.95
558.041	38.69
558.469	38.18
558.897	38.32
559.325	38.59
559.753	38.23
560.181	38.48
560.609	38.41
561.037	39.05
561.464	38.22
561.892	38.4
562.319	38.55
562.747	38.45
563.175	38.47
563.602	38.54
564.029	38.7
564.457	38.76
564.884	38.32
565.311	38.78
565.738	38.81
566.165	38.78
566.592	38.62
567.019	38.84
567.446	38.42
567.873	38.44
568.3	39.03
568.727	38.99
569.154	38.81
569.58	38.65
570.007	38.64
570.434	38.52
570.86	38.9
571.287	38.69
571.713	38.9
572.139	38.65
572.566	38.93
572.992	39.01
573.418	39.11
573.844	39.03
574.27	38.93
574.696	39.44
575.122	39.07
575.548	39.49
575.974	39.61
576.4	39.44
576.826	39.55
577.252	39.24
577.677	39.39
578.103	39.96
578.528	39.78
578.954	40.14
579.379	40.04
579.805	39.85
580.23	40.26
580.655	40.15
581.081	40.41
581.506	40.7
581.931	41.12
582.356	41.07
582.781	41.21
583.206	40.89
583.631	41.25
584.056	41.22
584.481	41.21
584.905	41.69
585.33	41.46
585.755	41.58
586.179	42.17
586.604	42.05
587.028	42.16
587.453	41.95
587.877	42.34
588.302	42.12
588.726	42.05
589.15	42.62
589.574	42.38
589.998	42.77
590.422	42.78
590.846	43.32
591.27	42.83
591.694	43.03
592.118	43.07
592.542	43.2
592.966	42.95
593.389	43.18
593.813	43.51
594.236	43.33
594.66	43.74
595.083	43.63
595.507	43.75
595.93	44.26
596.354	44.38
596.777	44.29
597.2	44.28
597.623	44.44
598.046	44.19
598.469	44.9
598.892	44.57
599.315	44.68
599.738	45.27
600.161	45.37
600.584	45.08
601.006	45.13
601.429	45.66
601.851	45.67
602.274	46.01
602.696	46.25
603.119	46.22
603.541	46.52
603.964	47.13
604.386	47.14
604.808	47.05
605.23	47.11
605.652	47.56
606.074	48.04
606.496	48.16
606.918	48.97
607.34	48.89
607.762	49.81
608.184	49.67
608.606	50.06
609.027	50.55
609.449	50.94
609.87	51.63
610.292	51.63
610.713	52.19
611.135	52.93
611.556	53.44
611.977	54.12
612.398	54.95
612.82	55.3
613.241	56.11
613.662	57.14
614.083	57.29
614.504	58.7
614.925	59.02
615.345	60.33
615.766	61.06
616.187	62.4
616.608	63.09
617.028	64.28
617.449	65.53
617.869	66.98
618.29	67.35
618.71	69.08
619.131	70.39
619.551	71.35
619.971	73.21
620.391	74.43
620.811	75.59
621.231	76.8
621.651	78.36
622.071	80.34
622.491	81.56
622.911	83.47
623.331	85.39
623.751	87.43
624.17	88.89
624.59	91.13
625.009	92.8
625.429	94.96
625.848	96.17
626.268	98.02
626.687	99.65
627.106	101.82
627.526	103.09
627.945	104.22
628.364	105
628.783	106.2
629.202	106.22
629.621	106.07
630.04	105.46
630.459	104.24
630.878	103.28
631.296	100.87
631.715	98.59
632.134	96.32
632.552	92.75
632.971	89.5
633.389	86.17
633.807	82.47
634.226	78.36
634.644	74.36
635.062	71.04
635.48	67.26
635.899	64.08
636.317	61.25
636.735	57.73
637.153	55.53
637.57	52.97
637.988	50.63
638.406	48.58
638.824	46.22
639.241	45.48
639.659	42.93
640.077	41.42
640.494	39.61
640.912	38.85
641.329	37.55
641.746	36.2
642.164	35.63
642.581	34.61
642.998	33.7
643.415	32.53
643.832	31.46
644.249	30.99
644.666	30.2
645.083	29.65
645.5	29.21
645.916	28.57
646.333	27.92
646.75	27.47
647.166	27.06
647.583	26.2
647.999	25.72
648.416	25.75
648.832	24.84
649.249	24.49
649.665	24
650.081	23.9
650.497	23.46
650.913	23.01
651.329	22.94
651.745	22.21
652.161	21.53
652.577	21.89
652.993	21.63
653.409	20.96
653.824	20.49
654.24	20.58
654.655	19.79
655.071	19.63
655.486	20.02
655.902	19.55
656.317	18.93
656.732	19.25
657.148	18.91
657.563	18.38
657.978	18.54
658.393	18.2
658.808	17.14
659.223	17.48
659.638	16.81
660.053	17.41
660.467	17.45
660.882	16.2
661.297	16.17
661.711	16.27
662.126	15.99
662.54	15.97
662.955	15.62
663.369	15.57
663.784	15.53
664.198	14.61
664.612	14.42
665.026	14.44
665.44	14.58
665.854	13.9
666.268	13.95
666.682	14.02
667.096	13.65
667.51	13.69
667.924	13.58
668.337	12.98
668.751	12.52
669.164	13.02
669.578	12.26
669.991	12.2
670.405	12.6
670.818	11.78
671.231	12.32
671.645	11.61
672.058	11.51
672.471	11.37
672.884	11.16
673.297	10.71
673.71	11.14
674.123	10.99
674.536	10.7
674.948	10.7
675.361	9.8
675.774	9.98
676.186	10.66
676.599	9.83
677.011	9.59
677.424	9.87
677.836	9.8
678.248	9.58
678.661	9.63
679.073	9.66
679.485	9.68
679.897	9.44
680.309	8.83
680.721	8.89
681.133	9.45
681.545	8.49
681.957	8.51
682.368	8.81
682.78	8.54
683.192	8.47
683.603	7.7
684.015	8.55
684.426	8.44
684.837	8.58
685.249	7.96
685.66	8.22
686.071	8.15
686.482	7.3
686.893	7.96
687.304	7.8
687.715	7.07
688.126	7.58
688.537	7.49
688.948	7.63
689.359	7
689.769	7.26
690.18	7.39
690.591	7.31
691.001	7.02
691.411	6.8
691.822	6.87
692.232	7.13
692.642	6.9
693.053	6.48
693.463	6.18
693.873	6.14
694.283	6.2
694.693	6.23
695.103	5.84
695.513	6.11
695.922	6.03
696.332	5.97
696.742	5.58
697.151	6.46
697.561	6.38
697.97	6.02
698.38	5.06
698.789	5.86
699.199	5.08
699.608	5.39
700.017	5.59
700.426	5.39
700.835	5.72
701.244	4.93
701.653	5.21
702.062	5.02
702.471	4.64
702.88	4.98
703.289	5.38
703.697	4.54
704.106	4.69
704.514	4.66
704.923	4.85
705.331	4.87
705.74	4.99
706.148	4.55
706.556	4.88
706.965	4.26
707.373	4.17
707.781	4.45
708.189	4.79
708.597	3.43
709.005	3.93
709.413	3.98
709.82	3.67
710.228	4.24
710.636	3.23
711.043	3.97
711.451	3.87
711.858	3.84
712.266	3.08
712.673	3.48
713.081	3.3
713.488	3.58
713.895	3.88
714.302	2.86
714.709	3.91
715.116	3.04
715.523	3.11
715.93	2.36
716.337	3.15
716.744	2.75
717.15	4.3
717.557	3.1
717.964	3.63
718.37	3.02
718.777	3.25
719.183	2.8
719.589	2.34
719.996	2.98
720.402	2.68
720.808	1.9
721.214	2.82
721.62	3.08
722.026	2.92
722.432	1.95
722.838	2.44
723.244	3.04
723.65	3.12
724.055	2.69
724.461	2.14
724.867	2.85
725.272	2.77
725.678	2.92
726.083	2.55
726.488	2.19
726.894	3.45
727.299	2.66
727.704	2.28
728.109	1.97
728.514	1.91
728.919	1.74
729.324	2.45
729.729	2.58
730.134	2.04
730.538	2.04
730.943	2.07
731.348	2.26
731.752	2.63
732.157	2.17
732.561	2.1
732.966	1.81
733.37	2.35
733.774	1.54
734.178	2.08
734.582	1.99
734.987	1.67
735.391	1.32
735.795	1.55
736.198	1.84
736.602	1.68
737.006	1.71
737.41	1.72
737.813	1.99
738.217	1.9
738.621	1.33
739.024	2.14
739.427	1.83
739.831	1.3
740.234	1.78
740.637	2.14
741.04	0.54
741.444	1.64
741.847	1.96
742.25	0.99
742.652	1.66
743.055	1.15
743.458	2.03
743.861	2.19
744.264	1.24
744.666	1.4
745.069	0.88
745.471	1.25
745.874	0.1
746.276	1.65
746.678	1.82
747.081	2.14
747.483	1.48
747.885	0.7
748.287	1.57
748.689	1.06
749.091	1.15
749.493	0.96
749.895	0.76
750.296	1.12
750.698	0.96
751.1	1.21
751.501	0.12
751.903	0.86
752.304	1.25
752.706	1.42
753.107	0.65
753.508	0.78
753.909	0.62
754.311	1.35
754.712	1.39
755.113	-0.22
755.514	0.83
755.915	1.89
756.315	0.99
756.716	1.24
757.117	0.76
757.518	0.46
757.918	0.1
758.319	0.36
758.719	1.67
759.12	1.28
759.52	0.57
759.92	0.4
760.321	0.55
760.721	0.69
761.121	1.02
761.521	1.74
761.921	0.6
762.321	1.4
762.721	1.04
763.12	0.93
763.52	0.68
763.92	1.16
764.319	1.09
764.719	0.99
765.118	0.15
765.518	0.73
765.917	1.78
766.317	0.95
766.716	1.91
767.115	1.92
767.514	0.79
767.913	0.07
768.312	0.27
768.711	0.5
769.11	0.4
769.509	0.51
769.907	0.32
770.306	0.01
770.705	-0.23
771.103	1.75
771.502	1.51
771.9	1.05
772.299	0.14
772.697	0.77
773.095	1.08
773.493	0.78
773.891	1.51
774.29	0.07
774.688	0.61
775.085	-0.3
775.483	0.51
775.881	0.75
776.279	0.12
776.677	-0.59
777.074	1.27
777.472	1.48
777.869	2.03
778.267	0.36
778.664	0.93
779.061	1.29
779.459	-0.05
779.856	2.15
780.253	1.52
780.65	0.93
781.047	0.92
781.444	1.63
781.841	1.29
782.238	0.99
782.634	0.97
783.031	-0.19
783.428	1.6
783.824	1.69
784.221	1.01
784.617	1.75
785.014	0.97
785.41	1.11
785.806	0.37
786.202	0.71
786.598	0.54
786.994	0.88
787.39	-1.3
787.786	0.57
788.182	0.63
788.578	-0.35
788.974	1.43
789.369	-2.24
789.765	0.87
790.161	1.19
790.556	-0.34
790.952	0.69
791.347	1.03
791.742	-0.63
792.137	2.03
792.533	-0.92
792.928	2.58
793.323	0.48
793.718	1.28
794.113	-0.23
794.508	1.21
794.902	0.2
795.297	0.88
795.692	1.02
796.086	0.41
796.481	0.98
796.875	-0.06
797.27	0.74
797.664	-1.14
798.058	1.48
798.453	1.58
798.847	0.27
799.241	0.19
799.635	-0.33
800.029	-0.13
800.423	-0.18
800.817	-0.29
801.21	-1.12
801.604	0.75
801.998	-1.38
802.391	-0.09
802.785	-1.87
803.178	-0.07
803.572	-0.92
803.965	0.94
804.358	1.03
804.752	0.4
805.145	1.58
805.538	2.5
805.931	-0.56
806.324	0.56
806.717	-0.26
807.11	-0.35
807.502	0.96
807.895	-0.66
808.288	-0.64
808.68	-0.73
809.073	-2.62
809.465	0.69
809.858	-0.32
810.25	-0.36
810.642	1.62
811.034	1.47
811.426	-1.86
811.818	1.55
812.21	-1.19
812.602	-0.17
812.994	-0.56
813.386	-1.05
813.778	-0.07
814.169	-1.37
814.561	2.01
814.953	1.52
815.344	2.49
815.736	0.67
816.127	1.63
816.518	-0.64
816.909	0.03
817.301	1.35
817.692	3.29
818.083	-0.1
818.474	0.43
818.865	1.4
819.255	-0.72
819.646	0.75
820.037	1.81
820.428	-0.28
820.818	-1.32
821.209	-0.09
821.599	1.21
821.99	-0.56
822.38	-1.7
822.77	0.65
823.16	-0.74
823.55	0.75
823.94	1.3
824.33	-0.4
824.72	-0.42
825.11	0.35
825.5	0.91
825.89	-0.05
826.28	2.15
826.669	2.66
827.059	0.01
827.448	-0.09
827.838	0.14
828.227	0.35
828.616	0.27
829.005	0.31
829.395	0.9
829.784	1.27
830.173	1.43
830.562	0.52
830.951	-1.8
831.339	-1.71
831.728	-1.45
832.117	-0.44
832.506	-0.16
832.894	-0.81
833.283	-0.13
833.671	-0.31
834.059	1
834.448	-0.94
834.836	-1.32
835.224	1.79
835.612	2.73
836	-0.46
836.388	-1.22
836.776	0.42
837.164	-4.26
837.552	1.95
837.94	0.17
838.327	1.24
838.715	0.36
839.103	0.63
839.49	0.43
839.877	0.97
840.265	0.41
840.652	1.26
841.039	1.21
841.426	2.77
841.813	1.68
842.2	0.03
842.587	1.29
842.974	1.55
843.361	-0.86
843.748	-0.82
844.134	0.36
844.521	4.5
844.908	-2.5
845.294	0.89
845.681	1.83
846.067	-0.33
846.453	3.57
846.839	3.25
847.226	-1.88
847.612	-0.22
847.998	-1.28
848.384	0.96
848.77	-0.85
849.155	-0.27
849.541	1.49
849.927	-1.11
850.312	-0.51
850.698	-1.49
851.084	-0.24
851.469	-1.03
851.854	-0.76
852.24	-0.32
852.625	0.77
853.01	1.49
853.395	-0.36
853.78	1.81
854.165	2.5
854.55	-1.71
854.935	-0.38
855.32	-2.87
855.704	0.97
856.089	0.94
856.474	-0.74
856.858	1.45
857.243	3.04
857.627	1.7
858.011	-1.81
858.396	2.79
858.78	-2.13
859.164	2.38
859.548	-3.56
859.932	-1.93
860.316	0.79
860.7	3.32
861.083	0.21
861.467	3.53
861.851	1.71
862.234	1.59
862.618	-0.46
863.001	-1.59
863.385	-2.1
863.768	1.34
864.151	3.57
864.534	1.99
864.918	2.59
865.301	3.88
865.684	1.56
866.066	0.99
866.449	3.02
866.832	-0.07
867.215	4.22
867.597	4.54
867.98	1.26
868.363	-0.57
868.745	7.93
869.127	-1.66
869.51	2.76
869.892	3.78
870.274	1.94
870.656	0.11
871.038	-0.22
871.42	3.09
871.802	1.78
872.184	1.67
872.566	-0.51
872.948	-0.5
873.329	0.41
873.711	1.99
874.092	-1.6
874.474	0.42
874.855	3.41
875.236	-0.65
875.618	2.36
875.999	-1.64
876.38	0.86
876.761	0.6
877.142	-0.23
877.523	-0.06
877.904	1.78
878.285	1.3
878.665	2.1
879.046	-0.97
879.426	3.1
879.807	1.46
880.187	-2.28
880.568	2.03
880.948	-1.6
881.328	-2.1
881.708	1.77
882.089	-1.72
882.469	0.84
882.849	1.05
883.228	-2.45
883.608	1.42
883.988	-0.55
884.368	-0.39
884.747	0.1
885.127	-3.53
885.506	3.3
885.886	-1.39
886.265	-1.6
886.645	-4.6
887.024	-1.71
887.403	-1.79
887.782	8.42
888.161	2.83
888.54	-1.49
888.919	-2.38
889.298	1.07
889.676	1.18
890.055	1.66
890.434	-4.82
890.812	-0.1
891.191	1.63
891.569	2.83
891.948	3.57
892.326	-0.87
892.704	-0.93
893.082	-0.14
893.46	-0.72
893.838	-4.4
894.216	1.15
894.594	1.79
894.972	0.68
895.35	1
895.727	0.99
896.105	3.11
896.482	3.65
896.86	-0.46
897.237	1.52
897.615	3.18
897.992	-1.63
898.369	-2.04
898.746	-1.53
899.123	-2.17
899.5	1.47
899.877	2.43
900.254	2.87
900.631	1.15
901.007	2.98
901.384	-0.33
901.761	4.49
902.137	1
902.514	-3.39
902.89	0.9
903.266	0.09
903.642	2.92
904.019	-0.2
904.395	-1.48
904.771	-2.45
905.147	-4.17
905.523	1.05
905.898	-4.6
906.274	2.44
906.65	-2.18
907.026	1.46
907.401	2.35
907.777	-1.95
908.152	2.5
908.527	6.57
908.903	0.13
909.278	3.82
909.653	-0.3
910.028	0.34
910.403	2.81
910.778	-2.09
911.153	-3.9
911.528	-3.25
911.902	3.96
912.277	3.75
912.652	1.38
913.026	1.94
913.4	0.05
913.775	0.5
914.149	3.82
914.523	-0.53
914.898	4.68
915.272	1.24
915.646	-0.13
916.02	0.99
916.394	-4.99
916.767	1.35
917.141	-2.82
917.515	-5.53
917.888	3.78
918.262	4.27
918.635	1.53
919.009	-3.27
919.382	2.87
919.756	4.08
920.129	-2.35
920.502	-4.28
920.875	8.66
921.248	-0.52
921.621	1.21
921.994	-1.1
922.366	0.57
922.739	-2.55
923.112	-2.86
923.484	2.18
923.857	5.36
924.229	-1.37
924.602	4.69
924.974	3.31
925.346	-2.39
925.718	-6.8
926.091	-2.71
926.463	3.83
926.835	-5.49
927.206	5.88
927.578	3.19
927.95	4.03
928.322	-7.3
928.693	7.93
929.065	14
929.436	5.64
929.808	2.51
930.179	-1.65
930.55	-3.08
930.921	-11.41
931.293	8.5
931.664	-6.55
932.035	-5.36
932.406	-0.57
932.776	8.48
933.147	9.59
933.518	6.35
933.888	-7.23
934.259	-4.78
934.63	-10.09
935	-2.94
935.37	1.1
935.741	0.22
936.111	-5.71
936.481	5.35
936.851	0.76
937.221	-8.95
937.591	5.02
937.961	1.42
938.331	10.04
938.7	-1.9
939.07	1.58
939.44	4.83
939.809	8.04
940.178	-2.24
940.548	13.03
940.917	-20.68
941.286	7.21
941.656	-9.66
942.025	-13.84
942.394	7.65
942.763	9.67
943.131	-2.94
943.5	-0.72
943.869	-5.05
944.238	8.25
944.606	-2.08
944.975	7.71
945.343	7.59
945.712	17.76
946.08	-14.55
946.448	-16.46
946.816	16.01
947.184	9.51
947.552	19.3
947.92	19.18
948.288	-10.82
948.656	-6.02
949.024	0.54
949.392	10.48
949.759	-19.91
950.127	9.86
950.494	4.78
950.862	16
951.229	-1.74
951.596	-5.84
951.963	0.92
952.33	-21.66
952.697	15.71
953.064	-6.43
953.431	21.71
953.798	-0.29
954.165	-12.43
954.532	9.84
954.898	18.43
955.265	20.37
955.631	-22.85
955.998	-2.21
956.364	-1
956.73	-6.64
957.096	19.15
957.463	23.94
957.829	2.87
958.195	0.06
958.56	7.99
958.926	-5.56
959.292	-10.55
959.658	16.67
960.023	7.01
960.389	-11.87
960.754	28.37
961.12	7.97
961.485	-7.32
961.85	-8.27
962.216	-4.69
962.581	8.13
962.946	-4.45
963.311	20.26
963.676	-15.93
964.041	-8.04
964.405	-11.99
964.77	-10.61
965.135	-6.4
965.499	5.98
965.864	-2.89
966.228	-2.63
966.592	0.57
966.957	9.36
967.321	5.85
967.685	-9.2
968.049	-21.27
968.413	-18.92
968.777	-1.81
969.141	19.24
969.504	6.81
969.868	-1.27
970.232	-2.75
970.595	-10.2
970.959	-3.32
971.322	-15.15
971.686	-9.67
972.049	3.06
972.412	20.06
972.775	13.93
973.138	6.1
973.501	-3.28
973.864	0.5
974.227	-11.01
974.59	14.68
974.952	11.08
975.315	-8.24
975.677	15.83
976.04	9.95
976.402	1.85
976.765	-4.31
977.127	-21.74
977.489	4.81
977.851	27.05
978.213	-6.08
978.575	6.61
978.937	9.69
979.299	5.34
979.661	26.35
980.022	6.67
980.384	5.67
980.745	14.33
981.107	-11.91
981.468	-9.76
981.83	18.18
982.191	3.72
982.552	-8.08
982.913	-23.27
983.274	6.66
983.635	-23.62
983.996	-35.78
984.357	20.94
984.718	-19.37
985.078	-16.19
985.439	-7.64
985.799	-15.04
986.16	-18.88
986.52	-10.09
986.88	-36.24
987.241	20.11
987.601	12.24
987.961	10.13
988.321	14.56
988.681	-22.51
989.041	-7.51
989.4	28.9
989.76	9.77
990.12	-25.85
990.479	25.22
990.839	-16.98
991.198	2.17
991.558	-4.77
991.917	40.94
992.276	-226.04
992.635	12.46
992.994	-3.75
993.353	9.39
993.712	-7.25
994.071	6.24
994.43	-4.39
994.789	-22.68
995.147	30.47
995.506	3.14
995.864	12.13
996.223	-15.32
996.581	-66.11
996.939	19.29
997.297	-22.22
997.656	22.64
998.014	22.07
998.372	26.88
998.729	22.03
999.087	-27.77
999.445	34.32
999.803	16.81
1000.16	-37.94
1000.518	-13.66
1000.875	-4.54
1001.233	0.62
1001.59	-18.54
1001.947	15.97
1002.304	57.69
1002.661	-16.12
1003.018	61.17
1003.375	-26.75
1003.732	59.69
1004.089	16.5
1004.446	19.24
1004.802	57.55
1005.159	-13.17
1005.516	-6.4
1005.872	-26.92
1006.228	-61.84
1006.585	30.77
1006.941	-18.38
1007.297	30.86
1007.653	22.12
1008.009	-2.27
1008.365	13.72
1008.721	-3.61
1009.076	3.78
1009.432	-21.1
1009.788	1.81
1010.143	17.95
1010.499	22
1010.854	-14.8
1011.21	-9.8
1011.565	-30.41
1011.92	-9.54
1012.275	-15.53
1012.63	-50.35
1012.985	34.99
1013.34	17.2
1013.695	-32.77
1014.049	21.27
1014.404	29.25
1014.759	18.38
1015.113	29.37
1015.468	-65
1015.822	-28.36
1016.176	4.12
1016.53	50.71
1016.885	25.58
1017.239	33.21
1017.593	12.2
1017.947	12.02
1018.3	-13.73
1018.654	-26.71
1019.008	-35.32
1019.362	-1.9
1019.715	-7.33
1020.069	-30.73
1020.422	-66.74
1020.775	38.74
1021.128	-18.49
1021.482	5.02
1021.835	-40.75
1022.188	-59.3
1022.541	15.04
1022.894	-31.84
1023.246	-23.35
1023.599	3.42
1023.952	12.81
1024.304	-29.74
1024.657	-0.83
1025.009	59.25
1025.362	-52.09
1025.714	-92.48
1026.066	-55.85
1026.418	30.81
1026.77	-17.74
1027.122	-9.59
1027.474	-29.18
1027.826	-110.28
1028.178	42.72
1028.529	-0.56
1028.881	52.37
1029.233	-6.78
1029.584	38.55
1029.935	-11.11
1030.287	-19.77
1030.638	19.07
1030.989	33.03
1031.34	101.79
1031.691	59.99
1032.042	33.85
1032.393	12.32
1032.744	-48.07
1033.095	-10.51
1033.445	10.46
1033.796	0.69
1034.146	72.77
1034.497	24.07
1034.847	24.07
1035.197	24.07
