wl	B
187.275	-22.672
187.74	-16.43166667
188.205	-22.00428571
188.671	-22.0875
189.136	-25.27333333
189.601	-29.69444444
190.066	-33.07555556
190.532	-36.19666667
190.997	-40.61777778
191.462	-30.99555556
191.927	-33.33555556
192.392	-31.51555556
192.857	-23.19444444
193.322	-6.811111111
193.786	2.551111111
194.251	14.25444444
194.716	26.47777778
195.181	48.32222222
195.646	70.94666667
196.11	89.15111111
196.575	115.9377778
197.04	137.0033333
197.504	158.8488889
197.969	184.3344444
198.433	209.04
198.898	223.6033333
199.362	235.0466667
199.826	249.09
200.291	262.3522222
200.755	269.3733333
201.219	279.7755556
201.684	284.4566667
202.148	287.8377778
202.612	293.0388889
203.076	310.4622222
203.54	316.7033333
204.004	323.7255556
204.468	340.11
204.932	346.3511111
205.396	344.27
205.86	347.9111111
206.324	355.4522222
206.788	356.2322222
207.251	358.3133333
207.715	361.9544444
208.179	355.9722222
208.642	345.05
209.106	349.2111111
209.57	349.7311111
210.033	347.39
210.497	347.13
210.96	341.6688889
211.424	334.9066667
211.887	329.9655556
212.35	334.1266667
212.814	335.1666667
213.277	333.3466667
213.74	332.5666667
214.203	330.2266667
214.667	326.5866667
215.13	331.7877778
215.593	337.77
216.056	335.9488889
216.519	335.1688889
216.982	335.9488889
217.445	337.5088889
217.908	337.2488889
218.37	334.6477778
218.833	337.2477778
219.296	332.5666667
219.759	322.9444444
220.221	333.6066667
220.684	332.3066667
221.147	334.6466667
221.609	330.2255556
222.072	329.7055556
222.534	332.0466667
222.997	326.3255556
223.459	325.2855556
223.922	331.2666667
224.384	322.6855556
224.846	323.9855556
225.309	310.7233333
225.771	309.6833333
226.233	314.1044444
226.695	316.4444444
227.157	315.9244444
227.619	320.3455556
228.081	318.7855556
228.543	316.9644444
229.005	316.9644444
229.467	323.4655556
229.929	323.7255556
230.391	322.9455556
230.853	320.0844444
231.315	321.1244444
231.776	323.2044444
232.238	319.3033333
232.7	319.8233333
233.161	318.5233333
233.623	319.0433333
234.084	320.0833333
234.546	314.6222222
235.007	315.9233333
235.469	320.0844444
235.93	319.8244444
236.391	326.5855556
236.853	323.9855556
237.314	319.3044444
237.775	324.5055556
238.236	326.3266667
238.697	329.7066667
239.159	326.8455556
239.62	324.5044444
240.081	322.4244444
240.542	320.6044444
241.003	324.2455556
241.463	323.9855556
241.924	324.7655556
242.385	333.0877778
242.846	331.5277778
243.307	338.0288889
243.767	341.93
244.228	346.6111111
244.689	338.2888889
245.149	334.9077778
245.61	343.23
246.07	341.67
246.531	323.2055556
246.991	328.9266667
247.451	324.5066667
247.912	320.8666667
248.372	319.5655556
248.832	329.1877778
249.293	332.5688889
249.753	330.4877778
250.213	332.8288889
250.673	347.9122222
251.133	345.5722222
251.593	350.5133333
252.053	353.6333333
252.513	348.9522222
252.973	355.4533333
253.433	358.5733333
253.893	356.2333333
254.352	357.2733333
254.812	354.4122222
255.272	353.8922222
255.732	354.4122222
256.191	349.7311111
256.651	350.7722222
257.11	342.9711111
257.57	344.7922222
258.029	346.0922222
258.489	347.3922222
258.948	355.1944444
259.407	354.4144444
259.867	346.8722222
260.326	349.4733333
260.785	353.8933333
261.244	358.8344444
261.703	355.1933333
262.163	350.5122222
262.622	342.97
263.081	340.3688889
263.54	339.3277778
263.999	342.1888889
264.457	332.0466667
264.916	327.6266667
265.375	326.3266667
265.834	326.8466667
266.293	333.3477778
266.751	341.15
267.21	344.2711111
267.669	346.0922222
268.127	352.0733333
268.586	365.3355556
269.044	370.7966667
269.503	368.7155556
269.961	371.3155556
270.419	369.2355556
270.878	361.9544444
271.336	353.6322222
271.794	352.5922222
272.252	347.1311111
272.711	343.4911111
273.169	336.2088889
273.627	332.5677778
274.085	335.6888889
274.543	334.3888889
275.001	338.2888889
275.459	342.45
275.917	340.1088889
276.374	335.4277778
276.832	341.9288889
277.29	338.2877778
277.748	341.9288889
278.205	334.9077778
278.663	340.8888889
279.121	334.6477778
279.578	326.0655556
280.036	332.5666667
280.493	342.7088889
280.951	345.83
281.408	349.4711111
281.865	347.3911111
282.323	348.1711111
282.78	347.6511111
283.237	354.9333333
283.694	355.1933333
284.151	359.8744444
284.609	358.5744444
285.066	349.4722222
285.523	353.6333333
285.98	360.9144444
286.437	361.1744444
286.893	365.5955556
287.35	363.7744444
287.807	371.0566667
288.264	361.1744444
288.721	359.3533333
289.177	360.9133333
289.634	360.3933333
290.09	357.7933333
290.547	370.5355556
291.004	368.1944444
291.46	367.9344444
291.916	367.6744444
292.373	371.5755556
292.829	369.4955556
293.286	380.9377778
293.742	384.5788889
294.198	387.6988889
294.654	378.5977778
295.11	384.3188889
295.566	382.7588889
296.022	377.2977778
296.478	383.5388889
296.934	382.7588889
297.39	371.5766667
297.846	371.8366667
298.302	366.8955556
298.758	361.1733333
299.214	353.3722222
299.669	349.2111111
300.125	349.9911111
300.581	349.2111111
301.036	353.6322222
301.492	349.7311111
301.947	344.53
302.403	341.93
302.858	343.2311111
303.314	343.4911111
303.769	351.0333333
304.224	351.0333333
304.68	350.7733333
305.135	348.6922222
305.59	347.1322222
306.045	351.2922222
306.5	355.9733333
306.955	360.3944444
307.41	358.8333333
307.865	345.57
308.32	344.01
308.775	344.27
309.23	344.53
309.685	355.7122222
310.139	358.5733333
310.594	356.7522222
311.049	353.3711111
311.503	353.8922222
311.958	355.7122222
312.413	352.8511111
312.867	352.3311111
313.322	346.87
313.776	346.09
314.23	342.7088889
314.685	348.4311111
315.139	355.4522222
315.593	351.8111111
316.047	364.5544444
316.502	373.3966667
316.956	368.4555556
317.41	376.2577778
317.864	374.4377778
318.318	378.8588889
318.772	375.4777778
319.226	369.7566667
319.68	363.2544444
320.133	353.8922222
320.587	358.0533333
321.041	359.0933333
321.495	359.3533333
321.948	356.7522222
322.402	352.0711111
322.855	355.1911111
323.309	353.6311111
323.762	361.4333333
324.216	371.5755556
324.669	366.6344444
325.123	370.2755556
325.576	365.3344444
326.029	369.2355556
326.482	369.4955556
326.935	367.1555556
327.389	375.7377778
327.842	380.6788889
328.295	375.4777778
328.748	377.2977778
329.201	362.9944444
329.654	372.3566667
330.107	363.2544444
330.559	357.5333333
331.012	354.1522222
331.465	347.65
331.918	347.13
332.37	352.8511111
332.823	348.43
333.275	361.9533333
333.728	352.5911111
334.18	359.0922222
334.633	363.5133333
335.085	365.5944444
335.538	370.7955556
335.99	366.1144444
336.442	364.8144444
336.894	371.0555556
337.347	365.8544444
337.799	368.9744444
338.251	364.5544444
338.703	370.2755556
339.155	371.3155556
339.607	365.0744444
340.059	368.7155556
340.511	371.0555556
340.963	366.1144444
341.414	372.3555556
341.866	369.2355556
342.318	368.4544444
342.769	369.4955556
343.221	366.8944444
343.673	364.2944444
344.124	361.6933333
344.576	352.0711111
345.027	348.9511111
345.478	344.53
345.93	350.5111111
346.381	354.9322222
346.832	348.69
347.284	353.3711111
347.735	362.9933333
348.186	370.5355556
348.637	377.2977778
349.088	384.5788889
349.539	391.0811111
349.99	387.96
350.441	386.66
350.892	389.5211111
351.343	384.84
351.793	379.3777778
352.244	367.4144444
352.695	368.4544444
353.146	365.8544444
353.596	360.9133333
354.047	352.0722222
354.497	353.8922222
354.948	347.13
355.398	343.23
355.848	343.75
356.299	347.1311111
356.749	344.79
357.199	346.61
357.65	348.69
358.1	365.5933333
358.55	365.5933333
359	365.8533333
359.45	378.3355556
359.9	380.9366667
360.35	386.9177778
360.8	378.0766667
361.25	377.5566667
361.699	376.5166667
362.149	370.0155556
362.599	377.8177778
363.049	386.4
363.498	383.54
363.948	385.1
364.397	380.1588889
364.847	385.62
365.296	387.44
365.746	380.9377778
366.195	385.3588889
366.644	380.6777778
367.094	367.9355556
367.543	367.1544444
367.992	359.8733333
368.441	366.8955556
368.89	370.2755556
369.339	368.4555556
369.788	372.0966667
370.237	364.8144444
370.686	361.1733333
371.135	373.6555556
371.584	382.7577778
372.033	388.2188889
372.482	386.1377778
372.93	388.4788889
373.379	385.3577778
373.827	381.1966667
374.276	386.9177778
374.725	390.0388889
375.173	391.86
375.621	373.1355556
376.07	368.9744444
376.518	369.2344444
376.966	357.2711111
377.415	362.9922222
377.863	368.7133333
378.311	365.0722222
378.759	364.0322222
379.207	356.49
379.655	365.5922222
380.103	364.2922222
380.551	359.8711111
380.999	368.7133333
381.447	362.7322222
381.895	366.6333333
382.342	370.7944444
382.79	372.3544444
383.238	365.8533333
383.685	365.8533333
384.133	367.1533333
384.58	368.1944444
385.028	362.2133333
385.475	362.7333333
385.923	366.8944444
386.37	364.8144444
386.817	357.0122222
387.265	374.1755556
387.712	368.1944444
388.159	372.3555556
388.606	372.8755556
389.053	392.38
389.5	397.3211111
389.947	383.5377778
390.394	385.0977778
390.841	393.16
391.288	385.8788889
391.735	390.56
392.181	392.12
392.628	388.7388889
393.075	377.8166667
393.521	378.8577778
393.968	379.6377778
394.414	381.9788889
394.861	379.1188889
395.307	383.02
395.754	380.94
396.2	371.3177778
396.646	377.5588889
397.093	377.0388889
397.539	379.8988889
397.985	383.54
398.431	370.0166667
398.877	371.5766667
399.323	371.3155556
399.769	378.3366667
400.215	387.4388889
400.661	381.1977778
401.107	381.4577778
401.552	375.2166667
401.998	383.7988889
402.444	391.34
402.889	398.6211111
403.335	398.1011111
403.781	396.0211111
404.226	398.3622222
404.672	398.1022222
405.117	396.0211111
405.562	398.8811111
406.008	392.64
406.453	394.4611111
406.898	384.5788889
407.343	386.14
407.789	382.4988889
408.234	376.7766667
408.679	382.2377778
409.124	385.6188889
409.569	379.1177778
410.014	380.4177778
410.458	382.2377778
410.903	385.8788889
411.348	389.7788889
411.793	391.0788889
412.237	398.8811111
412.682	391.6
413.127	392.9
413.571	404.6033333
414.016	407.9844444
414.46	417.0866667
414.904	423.3277778
415.349	419.6877778
415.793	425.1488889
416.237	436.3311111
416.682	450.1133333
417.126	459.9955556
417.57	465.4566667
418.014	473.7777778
418.458	472.9977778
418.902	485.2211111
419.346	499.5244444
419.79	502.6455556
420.233	501.0855556
420.677	514.8688889
421.121	527.8722222
421.565	529.4322222
422.008	543.9955556
422.452	567.6611111
422.895	576.5033333
423.339	599.6477778
423.782	625.9133333
424.226	648.2788889
424.669	668.3033333
425.113	688.8477778
425.556	734.0977778
425.999	769.2066667
426.442	800.1533333
426.885	834.2211111
427.328	868.0288889
427.771	913.54
428.214	964.2511111
428.657	1018.344444
429.1	1069.576667
429.543	1131.211111
429.986	1189.724444
430.429	1264.622222
430.871	1354.602222
431.314	1434.701111
431.757	1521.821111
432.199	1621.944444
432.642	1720.766667
433.084	1829.731111
433.527	1943.116667
433.969	2071.065556
434.411	2200.574444
434.854	2342.567778
435.296	2502.764444
435.738	2686.886667
436.18	2859.565556
436.622	3066.833333
437.064	3294.905556
437.506	3523.237778
437.948	3763.012222
438.39	4017.351111
438.832	4294.574444
439.274	4585.321111
439.715	4877.367778
440.157	5207.903333
440.599	5543.64
441.04	5915.265556
441.482	6293.132222
441.924	6715.208889
442.365	7158.35
442.806	7623.335556
443.248	8128.631111
443.689	8659.152222
444.13	9213.34
444.572	9775.588889
445.013	10396.61111
445.454	11032.71667
445.895	11717.71333
446.336	12419.09333
446.777	13138.67889
447.218	13889.21
447.659	14711.25778
448.1	15595.72
448.54	16508.00778
448.981	17408.85333
449.422	18428.02667
449.863	19445.64
450.303	20505.90333
450.744	21636.64222
451.184	22831.87667
451.625	24032.83222
452.065	25244.44889
452.505	26528.36333
452.946	27894.71667
453.386	29236.62444
453.826	30668.77222
454.266	32089.47778
454.707	33552.05222
455.147	34982.63889
455.587	36477.46111
456.027	37926.25333
456.467	39414.05333
456.906	40795.48889
457.346	42248.18111
457.786	43595.81
458.226	44905.98889
458.666	46135.29
459.105	47261.34778
459.545	48303.40556
459.984	49272.64667
460.424	50035.40222
460.863	50775.79222
461.303	51375.22889
461.742	51861.28
462.181	52273.99444
462.621	52470.6
463.06	52638.33889
463.499	52627.41667
463.938	52538.73667
464.377	52397.26333
464.816	52110.67778
465.255	51703.16444
465.694	51157.29889
466.133	50538.87778
466.572	49894.97
467.01	49096.84778
467.449	48270.63889
467.888	47356.79
468.326	46363.10333
468.765	45362.39444
469.203	44291.21
469.642	43224.96667
470.08	42197.99222
470.519	41176.47889
470.957	40187.73222
471.395	39202.10667
471.834	38228.96333
472.272	37309.65222
472.71	36427.53
473.148	35542.54667
473.586	34675.76778
474.024	33811.58889
474.462	32965.87444
474.9	32218.46333
475.338	31486.39556
475.775	30746.78667
476.213	30036.56444
476.651	29294.35444
477.088	28587.77333
477.526	27928.78222
477.964	27251.06778
478.401	26629.78556
478.838	25922.68333
479.276	25250.43
479.713	24632.26889
480.15	23967.81667
480.588	23324.43
481.025	22695.86556
481.462	22057.68
481.899	21429.11556
482.336	20777.40667
482.773	20146.24222
483.21	19477.36889
483.647	18854.52556
484.084	18256.64889
484.521	17660.85222
484.957	17043.47111
485.394	16467.17889
485.831	15853.17889
486.267	15271.42556
486.704	14705.79667
487.14	14176.57556
487.577	13642.93444
488.013	13127.49667
488.45	12621.16
488.886	12169.43667
489.322	11716.41333
489.758	11310.2
490.195	10911.00889
490.631	10530.80111
491.067	10155.53444
491.503	9796.912222
491.939	9447.132222
492.375	9128.04
492.81	8826.631111
493.246	8543.946667
493.682	8279.206667
494.118	8003.283333
494.553	7767.41
494.989	7527.895556
495.424	7288.12
495.86	7098.536667
496.295	6903.752222
496.731	6696.744444
497.166	6521.204444
497.602	6330.06
498.037	6170.903333
498.472	5997.443333
498.907	5822.683333
499.342	5670.028889
499.777	5507.751111
500.212	5343.393333
500.647	5204.262222
501.082	5043.544444
501.517	4900.772222
501.952	4760.34
502.387	4624.588889
502.821	4512.763333
503.256	4372.591111
503.69	4242.562222
504.125	4149.981111
504.56	4034.254444
504.994	3947.135556
505.428	3855.594444
505.863	3763.013333
506.297	3685.515556
506.731	3602.816667
507.165	3552.365556
507.6	3498.272222
508.034	3409.851111
508.468	3343.535556
508.902	3280.34
509.336	3224.947778
509.77	3164.614444
510.203	3095.438889
510.637	3037.705556
511.071	2982.312222
511.505	2926.4
511.938	2884.791111
512.372	2847.603333
512.805	2792.731111
513.239	2744.36
513.672	2713.673333
514.106	2690.787778
514.539	2653.078889
514.972	2614.59
515.406	2586.243333
515.839	2559.456667
516.272	2527.728889
516.705	2512.645556
517.138	2496.521111
517.571	2469.994444
518.004	2431.245556
518.437	2413.302222
518.87	2387.036667
519.302	2357.13
519.735	2322.022222
520.168	2305.638889
520.6	2264.81
521.033	2231.783333
521.466	2209.418889
521.898	2193.295556
522.33	2179.772222
522.763	2161.567778
523.195	2141.543333
523.627	2137.122222
524.06	2121.778889
524.492	2121.258889
524.924	2109.035556
525.356	2091.871111
525.788	2073.666667
526.22	2056.242222
526.652	2047.66
527.084	2042.458889
527.516	2034.397778
527.947	2009.691111
528.379	1983.944444
528.811	1966.781111
529.242	1961.06
529.674	1962.62
530.105	1951.177778
530.537	1942.335556
530.968	1937.914444
531.399	1934.013333
531.831	1931.153333
532.262	1936.354444
532.693	1947.016667
533.124	1937.394444
533.555	1927.772222
533.986	1929.592222
534.417	1944.155556
534.848	1935.573333
535.279	1929.331111
535.71	1922.568889
536.141	1914.507778
536.572	1913.987778
537.002	1909.306667
537.433	1908.266667
537.863	1902.805556
538.294	1889.023333
538.724	1891.884444
539.155	1881.222222
539.585	1891.105556
540.015	1876.542222
540.446	1863.278889
540.876	1856.777778
541.306	1855.997778
541.736	1849.496667
542.166	1832.852222
542.596	1828.171111
543.026	1822.71
543.456	1816.467778
543.886	1819.847778
544.316	1818.807778
544.745	1828.43
545.175	1817.507778
545.605	1822.188889
546.034	1818.547778
546.464	1812.305556
546.893	1814.126667
547.323	1810.746667
547.752	1824.01
548.181	1827.39
548.611	1824.788889
549.04	1827.648889
549.469	1824.787778
549.898	1831.55
550.327	1834.411111
550.756	1828.948889
551.185	1826.347778
551.614	1808.403333
552.043	1803.982222
552.472	1794.1
552.9	1798.261111
553.329	1798.001111
553.758	1787.338889
554.186	1796.441111
554.615	1797.222222
555.043	1792.541111
555.472	1798.523333
555.9	1801.124444
556.328	1803.464444
556.757	1790.202222
557.185	1785.781111
557.613	1801.384444
558.041	1775.117778
558.469	1781.358889
558.897	1800.083333
559.325	1811.525556
559.753	1815.686667
560.181	1821.408889
560.609	1832.851111
561.037	1842.733333
561.464	1843.253333
561.892	1866.138889
562.319	1863.277778
562.747	1849.754444
563.175	1857.816667
563.602	1870.558889
564.029	1872.638889
564.457	1882.261111
564.884	1890.063333
565.311	1896.564444
565.738	1915.028889
566.165	1919.19
566.592	1934.013333
567.019	1929.592222
567.446	1915.028889
567.873	1914.768889
568.3	1901.245556
568.727	1893.183333
569.154	1880.701111
569.58	1861.456667
570.007	1873.94
570.434	1867.178889
570.86	1866.138889
571.287	1870.3
571.713	1864.318889
572.139	1870.04
572.566	1859.897778
572.992	1872.38
573.418	1870.3
573.844	1857.816667
574.27	1858.076667
574.696	1854.175556
575.122	1842.733333
575.548	1857.816667
575.974	1858.336667
576.4	1866.138889
576.826	1859.897778
577.252	1859.376667
577.677	1855.475556
578.103	1844.813333
578.528	1848.714444
578.954	1849.234444
579.379	1844.813333
579.805	1852.615556
580.23	1846.894444
580.655	1838.572222
581.081	1835.712222
581.506	1834.152222
581.931	1840.133333
582.356	1834.151111
582.781	1838.832222
583.206	1825.048889
583.631	1813.866667
584.056	1820.367778
584.481	1825.568889
584.905	1825.308889
585.33	1831.81
585.755	1835.451111
586.179	1834.931111
586.604	1828.69
587.028	1835.191111
587.453	1832.85
587.877	1819.586667
588.302	1813.605556
588.726	1806.323333
589.15	1805.023333
589.574	1803.982222
589.998	1806.843333
590.422	1812.304444
590.846	1800.862222
591.27	1800.602222
591.694	1808.404444
592.118	1806.324444
592.542	1819.847778
592.966	1824.008889
593.389	1811.786667
593.813	1788.641111
594.236	1783.96
594.66	1789.681111
595.083	1792.282222
595.507	1781.1
595.93	1786.041111
596.354	1775.378889
596.777	1764.196667
597.2	1764.976667
597.623	1783.701111
598.046	1775.118889
598.469	1761.595556
598.892	1751.453333
599.315	1757.434444
599.738	1754.833333
600.161	1747.551111
600.584	1747.031111
601.006	1757.693333
601.429	1755.612222
601.851	1761.593333
602.274	1775.636667
602.696	1780.577778
603.119	1782.397778
603.541	1781.877778
603.964	1792.541111
604.386	1802.163333
604.808	1800.863333
605.23	1805.804444
605.652	1811.265556
606.074	1816.987778
606.496	1818.027778
606.918	1809.445556
607.34	1815.166667
607.762	1813.345556
608.184	1814.645556
608.606	1804.243333
609.027	1788.12
609.449	1790.981111
609.87	1773.036667
610.292	1767.575556
610.713	1773.817778
611.135	1753.793333
611.556	1740.53
611.977	1738.188889
612.398	1734.027778
612.82	1732.987778
613.241	1707.502222
613.662	1694.498889
614.083	1680.195556
614.504	1656.27
614.925	1656.79
615.345	1641.966667
615.766	1610.5
616.187	1597.496667
616.608	1586.054444
617.028	1572.791111
617.449	1564.99
617.869	1544.705556
618.29	1535.603333
618.71	1505.436667
619.131	1498.935556
619.551	1486.192222
619.971	1477.09
620.391	1465.126667
620.811	1466.166667
621.231	1453.943333
621.651	1447.441111
622.071	1439.898889
622.491	1437.037778
622.911	1429.235556
623.331	1416.493333
623.751	1404.531111
624.17	1395.168889
624.59	1379.565556
625.009	1375.664444
625.429	1378.785556
625.848	1373.844444
626.268	1365.003333
626.687	1346.28
627.106	1336.397778
627.526	1319.233333
627.945	1309.351111
628.364	1292.967778
628.783	1273.723333
629.202	1257.86
629.621	1246.157778
630.04	1234.974444
630.459	1232.893333
630.878	1232.632222
631.296	1221.45
631.715	1209.487778
632.134	1209.747778
632.552	1209.747778
632.971	1202.725556
633.389	1191.803333
633.807	1191.023333
634.226	1172.558889
634.644	1159.036667
635.062	1148.374444
635.48	1141.872222
635.899	1125.227778
636.317	1124.447778
636.735	1115.085556
637.153	1104.162222
637.57	1095.06
637.988	1091.94
638.406	1087.518889
638.824	1085.437778
639.241	1075.815556
639.659	1080.756667
640.077	1060.472222
640.494	1049.55
640.912	1045.91
641.329	1033.427778
641.746	1037.848889
642.164	1028.746667
642.581	1023.805556
642.998	1012.623333
643.415	991.8188889
643.832	988.1777778
644.249	987.1377778
644.666	982.9766667
645.083	982.9766667
645.5	971.0133333
645.916	961.9111111
646.333	952.0288889
646.75	942.6666667
647.166	938.5055556
647.583	930.9644444
647.999	917.1811111
648.416	901.8377778
648.832	885.7133333
649.249	876.8711111
649.665	872.45
650.081	871.15
650.497	871.67
650.913	879.2122222
651.329	879.4722222
651.745	877.1311111
652.161	869.8488889
652.577	865.9488889
652.993	861.0077778
653.409	860.7477778
653.824	848.2655556
654.24	840.4644444
654.655	833.7022222
655.071	814.7177778
655.486	808.9966667
655.902	810.5566667
656.317	803.5344444
656.732	796.5133333
657.148	783.77
657.563	776.7477778
657.978	768.1655556
658.393	749.7022222
658.808	747.1011111
659.223	738.5188889
659.638	728.1166667
660.053	719.7944444
660.467	713.0322222
660.882	708.0911111
661.297	710.4322222
661.711	698.4688889
662.126	688.5866667
662.54	677.9244444
662.955	674.5444444
663.369	676.3655556
663.784	671.9455556
664.198	668.0455556
664.612	658.6833333
665.026	648.28
665.44	647.24
665.854	652.7011111
666.268	658.1622222
666.682	657.6422222
667.096	652.4411111
667.51	650.88
667.924	646.4588889
668.337	652.1811111
668.751	649.3211111
669.164	645.68
669.578	634.4966667
669.991	620.1933333
670.405	606.41
670.818	594.9666667
671.231	593.6666667
671.645	587.9455556
672.058	574.1622222
672.471	572.3422222
672.884	573.9033333
673.297	578.5844444
673.71	585.0866667
674.123	584.3066667
674.536	576.7655556
674.948	567.1433333
675.361	566.8833333
675.774	563.2422222
676.186	562.9811111
676.599	559.6
677.011	552.0588889
677.424	543.2166667
677.836	541.9155556
678.248	549.9766667
678.661	548.1566667
679.073	540.3544444
679.485	543.2155556
679.897	527.3522222
680.309	518.51
680.721	520.85
681.133	524.23
681.545	512.2677778
681.957	508.1066667
682.368	510.4466667
682.78	508.8866667
683.192	503.9455556
683.603	508.3666667
684.015	505.7666667
684.426	502.1266667
684.837	498.2266667
685.249	505.5077778
685.66	500.8266667
686.071	500.0466667
686.482	507.5877778
686.893	506.5466667
687.304	510.7077778
687.715	512.5277778
688.126	507.0655556
688.537	499.7833333
688.948	494.0622222
689.359	486.7811111
689.769	471.1777778
690.18	462.3355556
690.591	457.1344444
691.001	451.6733333
691.411	453.2333333
691.822	455.3144444
692.232	449.8533333
692.642	451.9344444
693.053	450.8944444
693.463	464.1566667
693.873	455.8355556
694.283	457.3966667
694.693	453.2355556
695.103	453.7555556
695.513	443.6133333
695.922	458.6966667
696.332	449.5944444
696.742	453.7555556
697.151	443.0933333
697.561	448.2944444
697.97	449.5944444
698.38	448.8144444
698.789	436.3322222
699.199	440.4933333
699.608	433.2122222
700.017	441.7944444
700.426	443.8744444
700.835	443.8744444
701.244	440.7533333
701.653	430.8711111
702.062	426.71
702.471	435.5522222
702.88	428.27
703.289	429.83
703.697	430.09
704.106	418.1277778
704.514	417.8677778
704.923	419.4277778
705.331	423.8488889
705.74	428.79
706.148	423.3288889
706.556	430.8711111
706.965	425.41
707.373	417.0877778
707.781	422.2888889
708.189	429.8311111
708.597	433.7322222
709.005	432.4322222
709.413	435.5533333
709.82	431.3922222
710.228	428.5311111
710.636	426.9711111
711.043	429.0511111
711.451	425.41
711.858	418.6477778
712.266	413.9666667
712.673	416.3066667
713.081	413.7055556
713.488	413.4455556
713.895	415.2655556
714.302	413.4444444
714.709	421.2466667
715.116	425.6677778
715.523	420.9866667
715.93	410.0644444
716.337	406.1633333
716.744	402.7822222
717.15	412.1444444
717.557	404.0833333
717.964	400.1822222
718.37	387.4388889
718.777	387.1788889
719.183	393.4211111
719.589	401.2233333
719.996	396.0222222
720.402	392.1222222
720.808	375.4777778
721.214	381.1988889
721.62	384.58
722.026	390.8222222
722.432	390.5622222
722.838	387.4411111
723.244	391.8611111
723.65	391.6011111
724.055	389.52
724.461	405.3833333
724.867	403.3033333
725.272	401.7433333
725.678	400.4422222
726.083	396.8011111
726.488	395.2411111
726.894	392.6411111
727.299	394.9822222
727.704	398.1033333
728.109	391.6022222
728.514	385.1
728.919	385.36
729.324	390.3011111
729.729	394.9822222
730.134	400.7033333
730.538	398.6233333
730.943	399.6633333
731.348	408.2455556
731.752	407.9855556
732.157	410.3266667
732.561	418.6477778
732.966	415.5277778
733.37	408.2455556
733.774	401.7444444
734.178	400.1833333
734.582	404.3444444
734.987	397.5822222
735.391	393.4211111
735.795	394.7211111
736.198	391.3411111
736.602	392.9011111
737.006	396.2822222
737.41	397.8422222
737.813	394.4611111
738.217	393.9411111
738.621	389
739.024	396.5422222
739.427	397.3222222
739.831	397.8422222
740.234	389.78
740.637	386.3988889
741.04	383.0177778
741.444	386.3988889
741.847	383.0177778
742.25	387.4388889
742.652	383.0177778
743.055	378.3366667
743.458	364.8133333
743.861	364.0333333
744.264	366.6344444
744.666	368.4555556
745.069	365.5955556
745.471	349.4722222
745.874	347.3922222
746.276	349.7322222
746.678	351.0322222
747.081	355.4533333
747.483	358.3144444
747.885	361.9555556
748.287	364.8155556
748.689	370.2766667
749.091	393.1611111
749.493	399.4022222
749.895	401.2233333
750.296	404.8644444
750.698	404.8644444
751.1	412.1455556
751.501	402.2633333
751.903	398.3622222
752.304	394.9811111
752.706	383.0188889
753.107	376.7777778
753.508	377.0377778
753.909	375.4777778
754.311	373.3977778
754.712	366.8966667
755.113	374.1777778
755.514	385.3611111
755.915	389.7822222
756.315	387.1811111
756.716	381.72
757.117	379.6388889
757.518	385.88
757.918	396.8022222
758.319	396.5422222
758.719	399.1433333
759.12	392.3811111
759.52	383.0188889
759.92	394.7222222
760.321	396.8022222
760.721	389.7811111
761.121	379.6388889
761.521	370.2766667
761.921	368.4566667
762.321	364.8155556
762.721	362.7355556
763.12	365.8566667
763.52	362.7355556
763.92	374.6977778
764.319	379.6388889
764.719	385.36
765.118	389.0011111
765.518	386.92
765.917	385.62
766.317	386.14
766.716	389.52
767.115	390.82
767.514	381.9788889
767.913	374.6966667
768.312	367.1555556
768.711	365.8544444
769.11	368.4555556
769.509	365.5944444
769.907	365.0744444
770.306	360.9133333
770.705	357.7933333
771.103	360.6533333
771.502	368.9755556
771.9	369.2355556
772.299	372.8766667
772.697	373.3966667
773.095	372.0966667
773.493	366.3755556
773.891	367.4166667
774.29	366.1155556
774.688	369.4966667
775.085	362.2155556
775.483	366.6366667
775.881	362.4755556
776.279	357.2744444
776.677	358.0544444
777.074	362.2144444
777.472	357.7933333
777.869	356.2333333
778.267	344.7911111
778.664	344.5311111
779.061	340.89
779.459	342.1911111
779.856	349.2122222
780.253	352.3333333
780.65	349.4733333
781.047	350.2533333
781.444	357.0144444
781.841	358.0544444
782.238	357.0133333
782.634	359.6133333
783.031	356.4922222
783.428	349.4711111
783.824	356.7522222
784.221	364.5544444
784.617	365.3344444
785.014	362.2144444
785.41	363.2544444
785.806	364.2955556
786.202	356.7544444
786.598	362.7355556
786.994	362.7355556
787.39	362.7355556
787.786	361.6944444
788.182	356.2333333
788.578	356.7533333
788.974	357.2733333
789.369	365.5944444
789.765	380.1577778
790.161	377.5577778
790.556	379.3777778
790.952	370.7955556
791.347	373.9166667
791.742	378.0777778
792.137	376.2577778
792.533	386.14
792.928	387.7011111
793.323	383.02
793.718	381.9788889
794.113	382.4988889
794.508	383.28
794.902	380.4188889
795.297	391.0811111
795.692	390.04
796.086	379.3777778
796.481	374.9566667
796.875	377.8166667
797.27	381.4577778
797.664	383.0177778
798.058	382.7566667
798.453	380.1566667
798.847	369.7544444
799.241	368.4544444
799.635	374.4355556
800.029	375.9955556
800.423	374.1755556
800.817	372.0955556
801.21	371.5755556
801.604	375.2166667
801.998	377.0366667
802.391	378.5966667
802.785	384.8377778
803.178	384.0577778
803.572	377.5566667
803.965	376.7766667
804.358	367.1544444
804.752	362.9944444
805.145	358.8333333
805.538	357.5333333
805.931	364.5555556
806.324	357.0144444
806.717	352.8533333
807.11	351.8122222
807.502	350.2522222
807.895	364.8155556
808.288	370.7966667
808.68	365.0755556
809.073	365.0755556
809.465	357.0133333
809.858	364.2944444
810.25	363.5144444
810.642	375.2177778
811.034	371.0566667
811.426	358.0533333
811.818	359.6133333
812.21	373.3966667
812.602	374.1766667
812.994	379.8977778
813.386	370.7955556
813.778	370.5355556
814.169	360.6533333
814.561	373.3955556
814.953	373.6555556
815.344	366.1144444
815.736	357.5322222
816.127	354.1511111
816.518	345.8288889
816.909	343.4888889
817.301	342.4488889
817.692	342.4488889
818.083	327.3655556
818.474	328.9255556
818.865	329.7055556
819.255	328.1455556
819.646	326.0655556
820.037	323.7255556
820.428	339.0688889
820.818	335.6877778
821.209	344.27
821.599	348.4311111
821.99	345.8311111
822.38	349.9922222
822.77	344.7911111
823.16	347.3911111
823.55	356.7533333
823.94	350.2522222
824.33	357.5333333
824.72	351.8111111
825.11	355.7122222
825.5	368.7155556
825.89	363.2533333
826.28	372.6155556
826.669	367.6744444
827.059	369.2344444
827.448	368.4544444
827.838	370.5355556
828.227	371.0566667
828.616	373.6566667
829.005	361.9533333
829.395	370.5355556
829.784	368.4544444
830.173	379.6377778
830.562	374.1766667
830.951	377.5566667
831.339	370.2744444
831.728	369.2333333
832.117	361.9522222
832.506	368.4533333
832.894	371.0544444
833.283	373.6555556
833.671	368.9744444
834.059	369.4944444
834.448	371.8355556
834.836	374.1766667
835.224	369.2355556
835.612	373.1366667
836	365.5955556
836.388	350.7722222
836.776	344.5311111
837.164	335.4288889
837.552	333.6088889
837.94	327.1066667
838.327	326.5866667
838.715	335.4288889
839.103	333.8677778
839.49	345.05
839.877	348.43
840.265	353.3711111
840.652	362.4733333
841.039	368.4544444
841.426	366.8944444
841.813	366.3744444
842.2	362.4733333
842.587	365.5944444
842.974	364.8144444
843.361	366.1155556
843.748	358.5733333
844.134	359.6133333
844.521	358.0533333
844.908	357.5333333
845.294	360.9133333
845.681	365.5944444
846.067	364.0344444
846.453	355.9722222
846.839	358.8322222
847.226	364.2933333
847.612	358.3122222
847.998	354.4111111
848.384	357.7922222
848.77	366.3744444
849.155	358.0533333
849.541	352.3322222
849.927	352.5922222
850.312	354.9333333
850.698	354.4133333
851.084	359.0944444
851.469	358.8344444
851.854	361.4344444
852.24	352.8522222
852.625	355.7122222
853.01	358.5722222
853.395	365.0744444
853.78	356.4922222
854.165	359.6133333
854.55	360.6533333
854.935	363.7744444
855.32	365.0755556
855.704	361.6955556
856.089	360.1355556
856.474	362.2166667
856.858	362.7366667
857.243	368.9777778
857.627	361.9555556
858.011	362.7355556
858.396	361.6944444
858.78	352.5922222
859.164	358.8333333
859.548	353.3722222
859.932	355.4522222
860.316	355.4522222
860.7	353.6322222
861.083	362.4744444
861.467	357.0133333
861.851	359.6144444
862.234	359.0944444
862.618	350.5122222
863.001	352.8522222
863.385	347.3911111
863.768	340.3688889
864.151	339.0688889
864.534	332.3077778
864.918	333.0877778
865.301	328.6666667
865.684	329.1866667
866.066	333.0877778
866.449	342.19
866.832	343.23
867.215	340.11
867.597	346.0911111
867.98	351.0322222
868.363	352.8533333
868.745	355.9744444
869.127	362.2155556
869.51	362.7355556
869.892	361.9555556
870.274	363.7755556
870.656	370.0166667
871.038	365.3355556
871.42	370.2766667
871.802	373.1366667
872.184	372.0955556
872.566	367.9344444
872.948	367.6744444
873.329	360.3922222
873.711	359.8722222
874.092	353.6311111
874.474	353.1111111
874.855	346.3488889
875.236	336.4666667
875.618	326.8444444
875.999	322.1633333
876.38	317.7422222
876.761	322.6833333
877.142	318.7833333
877.523	318.0033333
877.904	316.1822222
878.285	310.7211111
878.665	318.2633333
879.046	331.2666667
879.426	339.8488889
879.807	347.1311111
880.187	345.8311111
880.568	350.5122222
880.948	351.8122222
881.328	353.8933333
881.708	355.9744444
882.089	359.6144444
882.469	359.3544444
882.849	361.9544444
883.228	366.1155556
883.608	369.7566667
883.988	375.7377778
884.368	383.0188889
884.747	383.7988889
885.127	382.7577778
885.506	378.8577778
885.886	372.6166667
886.265	367.9355556
886.645	361.1733333
887.024	356.4922222
887.403	348.95
887.782	350.5111111
888.161	358.0533333
888.54	357.2733333
888.919	357.0133333
889.298	358.3133333
889.676	353.8933333
890.055	353.3733333
890.434	357.2744444
890.812	354.9344444
891.191	349.2133333
891.569	341.4111111
891.948	346.3522222
892.326	347.6522222
892.704	340.3711111
893.082	336.99
893.46	335.69
893.838	328.6677778
894.216	327.8877778
894.594	328.4077778
894.972	329.1877778
895.35	331.7888889
895.727	328.9277778
896.105	340.37
896.482	351.0322222
896.86	354.1522222
897.237	357.5333333
897.615	361.6933333
897.992	364.2933333
898.369	360.3922222
898.746	355.7111111
899.123	352.5911111
899.5	352.5911111
899.877	351.8111111
900.254	344.01
900.631	347.9111111
901.007	346.3511111
901.384	346.3511111
901.761	344.7911111
902.137	340.89
902.514	352.8522222
902.89	349.9911111
903.266	345.31
903.642	348.17
904.019	342.7088889
904.395	340.3688889
904.771	333.8677778
905.147	345.05
905.523	351.5511111
905.898	348.69
906.274	340.8888889
906.65	348.17
907.026	358.0522222
907.401	356.4911111
907.777	358.8311111
908.152	366.8933333
908.527	360.1322222
908.903	354.6711111
909.278	355.4522222
909.653	363.2533333
910.028	364.5544444
910.403	360.1333333
910.778	361.6944444
911.153	366.6355556
911.528	369.4955556
911.902	369.7555556
912.277	383.2788889
912.652	375.2166667
913.026	377.8177778
913.4	368.9755556
913.775	368.9755556
914.149	370.5355556
914.523	369.2355556
914.898	354.9322222
915.272	354.6722222
915.646	353.6322222
916.02	350.7711111
916.394	344.79
916.767	346.87
917.141	344.79
917.515	344.79
917.888	339.5888889
918.262	350.5111111
918.635	354.1522222
919.009	343.75
919.382	351.5522222
919.756	361.9544444
920.129	361.6944444
920.502	360.9144444
920.875	361.4344444
921.248	364.8144444
921.621	369.4955556
921.994	373.3955556
922.366	376.5155556
922.739	371.0544444
923.112	363.5122222
923.484	359.6111111
923.857	360.9111111
924.229	367.1522222
924.602	362.9922222
924.974	359.8722222
925.346	349.21
925.718	353.6311111
926.091	350.51
926.463	352.07
926.835	356.7511111
927.206	360.9122222
927.578	356.7522222
927.95	363.5133333
928.322	363.7733333
928.693	361.4333333
929.065	360.9133333
929.436	365.0744444
929.808	366.8955556
930.179	361.9544444
930.55	359.6144444
930.921	355.7133333
931.293	354.1533333
931.664	357.0133333
932.035	358.5733333
932.406	353.1122222
932.776	360.1344444
933.147	358.3133333
933.518	366.3755556
933.888	360.9133333
934.259	358.8322222
934.63	352.33
935	346.3488889
935.37	345.3088889
935.741	345.8288889
936.111	341.6677778
936.481	341.4077778
936.851	340.1077778
937.221	354.6711111
937.591	353.3711111
937.961	355.4522222
938.331	360.3933333
938.7	366.8944444
939.07	365.8544444
939.44	361.9533333
939.809	362.9944444
940.178	359.6133333
940.548	354.1522222
940.917	366.6355556
941.286	372.6166667
941.656	370.5366667
942.025	371.0566667
942.394	368.7155556
942.763	368.1955556
943.131	369.7555556
943.5	369.7555556
943.869	374.6966667
944.238	365.5944444
944.606	366.3744444
944.975	362.9933333
945.343	360.9133333
945.712	366.1155556
946.08	376.2577778
946.448	373.3966667
946.816	379.6377778
947.184	370.2755556
947.552	373.3955556
947.92	365.3344444
948.288	371.8355556
948.656	374.9555556
949.024	366.6333333
949.392	358.3111111
949.759	368.4533333
950.127	364.8133333
950.494	363.2533333
950.862	361.6933333
951.229	362.7333333
951.596	351.5511111
951.963	348.1711111
952.33	349.9911111
952.697	352.3322222
953.064	347.1311111
953.431	338.5488889
953.798	334.1277778
954.165	335.6877778
954.532	339.5888889
954.898	336.4677778
955.265	332.5666667
955.631	333.3466667
955.998	328.9255556
956.364	323.4644444
956.73	333.8666667
957.096	340.3677778
957.463	337.5077778
957.829	330.4855556
958.195	338.2877778
958.56	344.0088889
958.926	349.9911111
959.292	349.4711111
959.658	351.8122222
960.023	350.5122222
960.389	347.6522222
960.754	353.8933333
961.12	367.1566667
961.485	363.5155556
961.85	366.6366667
962.216	367.1566667
962.581	368.1966667
962.946	368.4566667
963.311	365.5955556
963.676	372.8766667
964.041	373.1366667
964.405	367.4155556
964.77	370.2766667
965.135	365.0755556
965.499	359.8744444
965.864	360.1344444
966.228	357.2733333
966.592	360.6544444
966.957	349.7322222
967.321	347.6522222
967.685	335.4288889
968.049	337.5088889
968.413	341.41
968.777	344.79
969.141	346.35
969.504	346.61
969.868	340.3688889
970.232	350.5111111
970.595	348.95
970.959	362.2133333
971.322	364.5544444
971.686	359.3522222
972.049	363.5133333
972.412	363.2533333
972.775	364.0333333
973.138	360.6522222
973.501	353.8911111
973.864	351.8111111
974.227	341.1488889
974.59	331.5266667
974.952	336.4677778
975.315	332.0466667
975.677	332.0466667
976.04	334.6477778
976.402	332.8266667
976.765	332.3066667
977.127	327.6255556
977.489	333.8666667
977.851	338.8077778
978.213	339.5888889
978.575	334.6477778
978.937	340.1088889
979.299	330.2266667
979.661	335.9488889
980.022	331.5277778
980.384	336.7288889
980.745	334.3877778
981.107	335.1677778
981.468	330.7466667
981.83	345.57
982.191	344.01
982.552	344.79
982.913	350.2511111
983.274	360.6533333
983.635	362.4733333
983.996	370.0155556
984.357	373.6566667
984.718	377.2966667
985.078	364.8144444
985.439	359.3533333
985.799	363.2544444
986.16	359.8733333
986.52	357.5322222
986.88	358.0533333
987.241	357.2733333
987.601	358.5733333
987.961	356.4933333
988.321	360.1333333
988.681	365.0744444
989.041	366.1144444
989.4	365.3344444
989.76	358.0533333
990.12	353.6322222
990.479	350.5111111
990.839	353.1122222
991.198	359.8733333
991.558	356.2333333
991.917	354.6722222
992.276	352.0722222
992.635	360.1344444
992.994	361.9544444
993.353	363.2544444
993.712	353.6322222
994.071	344.53
994.43	332.5677778
994.789	330.7466667
995.147	334.9077778
995.506	335.4277778
995.864	325.5455556
996.223	324.7655556
996.581	325.2855556
996.939	337.7688889
997.297	339.0688889
997.656	344.53
998.014	345.3111111
998.372	344.5311111
998.729	350.2522222
999.087	353.1122222
999.445	358.8333333
999.803	361.9544444
1000.16	358.8333333
1000.518	353.3722222
1000.875	348.9511111
1001.233	346.61
1001.59	343.49
1001.947	341.93
1002.304	344.2711111
1002.661	339.07
1003.018	339.85
1003.375	346.0911111
1003.732	356.7533333
1004.089	361.6944444
1004.446	371.0566667
1004.802	368.4555556
1005.159	368.4555556
1005.516	369.2355556
1005.872	375.7377778
1006.228	360.6544444
1006.585	347.9122222
1006.941	343.2311111
1007.297	339.33
1007.653	333.6088889
1008.009	336.99
1008.365	335.6888889
1008.721	330.2277778
1009.076	323.2055556
1009.432	338.5488889
1009.788	342.97
1010.143	347.1311111
1010.499	346.0911111
1010.854	346.3511111
1011.21	344.01
1011.565	341.67
1011.92	339.0688889
1012.275	335.9488889
1012.63	333.6077778
1012.985	339.5888889
1013.34	335.1677778
1013.695	338.0288889
1014.049	339.5888889
1014.404	334.3877778
1014.759	336.7277778
1015.113	336.9877778
1015.468	344.5288889
1015.822	344.7888889
1016.176	342.1877778
1016.53	343.4877778
1016.885	344.5277778
1017.239	340.8866667
1017.593	345.5677778
1017.947	343.2277778
1018.3	349.7288889
1018.654	347.6488889
1019.008	347.9088889
1019.362	340.8877778
1019.715	340.1077778
1020.069	337.2466667
1020.422	342.9688889
1020.775	343.7488889
1021.128	347.1288889
1021.482	339.3277778
1021.835	334.9066667
1022.188	329.4455556
1022.541	336.7266667
1022.894	342.1877778
1023.246	344.5288889
1023.599	337.7666667
1023.952	338.5466667
1024.304	340.1077778
1024.657	346.6088889
1025.009	346.6088889
1025.362	347.39
1025.714	338.8088889
1026.066	329.7066667
1026.418	333.3477778
1026.77	333.3477778
1027.122	330.2277778
1027.474	330.4877778
1027.826	329.4477778
1028.178	332.8277778
1028.529	329.7066667
1028.881	336.9877778
1029.233	340.1088889
1029.584	335.9477778
1029.935	338.0288889
1030.287	338.5488889
1030.638	336.9888889
1030.989	329.1866667
1031.34	331.7877778
1031.691	341.15
1032.042	339.33
1032.393	340.63
1032.744	340.89
1033.095	348.9511111
1033.445	355.7122222
1033.796	359.3522222
1034.146	369.95
1034.497	373.5442857
1034.847	372.485
1035.197	379.428
