wl	G
187.275	-44.268
187.74	-48.715
188.205	-56.23714286
188.671	-61.87875
189.136	-72.76888889
189.601	-70.94777778
190.066	-74.32777778
190.532	-71.72666667
190.997	-66.78444444
191.462	-63.66444444
191.927	-50.40111111
192.392	-30.11666667
192.857	-5.151111111
193.322	19.81444444
193.786	30.73666667
194.251	49.72111111
194.716	69.22555556
195.181	86.38888889
195.646	101.9933333
196.11	114.7366667
196.575	128.52
197.04	139.1822222
197.504	163.8877778
197.969	182.0922222
198.433	196.3955556
198.898	208.6177778
199.362	221.8811111
199.826	230.9822222
200.291	250.4866667
200.755	262.1888889
201.219	279.3522222
201.684	286.3744444
202.148	299.1166667
202.612	317.06
203.076	332.6644444
203.54	343.3266667
204.004	352.6888889
204.468	352.9488889
204.932	358.41
205.396	362.5711111
205.86	358.15
206.324	361.2711111
206.788	355.29
207.251	349.8288889
207.715	355.03
208.179	358.9311111
208.642	365.1722222
209.106	369.8533333
209.57	361.7922222
210.033	366.9933333
210.497	369.5944444
210.96	371.1544444
211.424	367.7733333
211.887	351.65
212.35	342.8077778
212.814	338.9066667
213.277	333.9655556
213.74	340.2066667
214.203	342.5477778
214.667	330.8444444
215.13	326.6833333
215.593	327.7233333
216.056	330.8433333
216.519	337.8655556
216.982	334.4844444
217.445	327.2033333
217.908	314.72
218.37	303.2766667
218.833	311.8588889
219.296	317.5811111
219.759	321.7422222
220.221	329.0244444
220.684	330.0644444
221.147	323.5633333
221.609	324.3433333
222.072	326.4244444
222.534	325.3844444
222.997	326.4244444
223.459	327.7244444
223.922	333.4455556
224.384	328.7644444
224.846	326.1644444
225.309	325.1244444
225.771	333.1855556
226.233	333.4455556
226.695	341.5077778
227.157	341.7677778
227.619	337.6066667
228.081	326.9444444
228.543	317.8422222
229.005	318.1022222
229.467	317.5822222
229.929	316.5422222
230.391	316.2822222
230.853	319.9222222
231.315	318.1022222
231.776	315.2411111
232.238	321.4822222
232.7	327.9833333
233.161	325.1222222
233.623	326.4222222
234.084	323.8222222
234.546	323.3022222
235.007	315.7611111
235.469	317.3211111
235.93	325.3833333
236.391	325.1233333
236.853	333.1855556
237.314	335.7866667
237.775	348.01
238.236	343.8488889
238.697	351.13
239.159	357.1111111
239.62	356.3311111
240.081	361.7922222
240.542	357.6311111
241.003	349.3088889
241.463	347.4877778
241.924	348.0077778
242.385	352.6888889
242.846	348.5277778
243.307	354.7688889
243.767	353.9888889
244.228	343.3266667
244.689	344.1066667
245.149	347.7477778
245.61	345.6677778
246.07	342.8066667
246.531	337.6055556
246.991	342.5466667
247.451	337.6055556
247.912	335.0044444
248.372	340.9855556
248.832	346.7077778
249.293	349.8288889
249.753	357.37
250.213	354.51
250.673	356.85
251.133	351.9088889
251.593	348.2688889
252.053	352.95
252.513	355.5511111
252.973	347.4888889
253.433	343.8477778
253.893	339.4266667
254.352	337.0855556
254.812	342.0266667
255.272	343.8477778
255.732	344.1077778
256.191	333.7055556
256.651	335.2655556
257.11	341.7666667
257.57	345.9277778
258.029	336.0455556
258.489	338.6466667
258.948	342.5477778
259.407	345.1477778
259.867	342.5466667
260.326	345.4077778
260.785	337.3455556
261.244	333.1844444
261.703	326.1622222
262.163	337.8655556
262.622	336.5644444
263.081	329.5433333
263.54	324.3422222
263.999	321.4822222
264.457	328.2433333
264.916	324.3433333
265.375	325.3844444
265.834	332.6666667
266.293	325.6444444
266.751	335.2666667
267.21	343.5877778
267.669	348.7888889
268.127	355.03
268.586	355.29
269.044	364.3922222
269.503	374.7944444
269.961	371.6733333
270.419	381.5555556
270.878	374.5344444
271.336	366.7333333
271.794	362.5722222
272.252	362.0522222
272.711	363.8722222
273.169	367.5122222
273.627	361.01
274.085	364.1311111
274.543	363.8711111
275.001	360.49
275.459	361.79
275.917	362.31
276.374	369.0711111
276.832	365.1711111
277.29	351.6488889
277.748	345.1477778
278.205	334.4855556
278.663	335.7866667
279.121	341.2477778
279.578	339.1666667
280.036	337.8666667
280.493	328.2444444
280.951	328.5044444
281.408	337.3455556
281.865	343.0666667
282.323	354.7688889
282.78	342.5455556
283.237	340.9855556
283.694	348.0077778
284.151	349.3077778
284.609	353.2088889
285.066	361.53
285.523	360.23
285.98	365.1711111
286.437	358.67
286.893	363.8711111
287.35	361.27
287.807	353.7277778
288.264	353.7277778
288.721	357.6288889
289.177	351.9077778
289.634	350.0877778
290.09	349.0477778
290.547	353.7288889
291.004	358.67
291.46	362.5711111
291.916	363.8722222
292.373	363.3522222
292.829	366.7322222
293.286	366.7322222
293.742	375.0533333
294.198	366.2111111
294.654	366.4711111
295.11	370.3722222
295.566	371.4122222
296.022	367.2511111
296.478	369.0722222
296.934	362.5711111
297.39	359.7111111
297.846	356.0711111
298.302	360.2322222
298.758	358.4111111
299.214	356.5911111
299.669	354.2511111
300.125	365.9533333
300.581	366.9933333
301.036	370.6344444
301.492	367.7733333
301.947	365.4322222
302.403	364.1322222
302.858	360.4922222
303.314	351.39
303.769	352.95
304.224	352.17
304.68	360.7522222
305.135	357.8911111
305.59	351.13
306.045	351.39
306.5	352.43
306.955	356.8511111
307.41	366.4733333
307.865	359.9722222
308.32	353.9911111
308.775	346.1888889
309.23	346.4488889
309.685	359.1911111
310.139	362.8322222
310.594	359.9711111
311.049	357.11
311.503	352.4288889
311.958	354.2488889
312.413	355.5488889
312.867	356.3288889
313.322	356.8488889
313.776	361.27
314.23	361.01
314.685	357.37
315.139	357.11
315.593	353.7288889
316.047	359.9711111
316.502	364.3922222
316.956	355.8111111
317.41	359.9722222
317.864	352.4311111
318.318	347.23
318.772	357.8922222
319.226	358.9322222
319.68	365.1733333
320.133	362.0522222
320.587	358.4111111
321.041	365.1722222
321.495	363.0922222
321.948	365.1722222
322.402	363.0911111
322.855	356.59
323.309	359.9711111
323.762	354.77
324.216	355.81
324.669	358.9311111
325.123	364.1322222
325.576	356.85
326.029	354.25
326.482	356.8511111
326.935	356.33
327.389	350.0888889
327.842	353.73
328.295	348.2688889
328.748	345.4077778
329.201	343.5877778
329.654	352.95
330.107	352.1688889
330.559	354.7688889
331.012	363.6111111
331.465	364.6511111
331.918	362.05
332.37	369.8522222
332.823	368.5522222
333.275	366.2111111
333.728	369.3322222
334.18	377.3944444
334.633	377.1344444
335.085	370.8933333
335.538	367.7722222
335.99	371.4133333
336.442	377.1344444
336.894	388.0566667
337.347	391.6977778
337.799	387.5366667
338.251	387.2766667
338.703	387.5366667
339.155	395.5988889
339.607	403.6611111
340.059	406.7822222
340.511	401.3211111
340.963	392.4788889
341.414	387.5377778
341.866	382.3366667
342.318	383.3766667
342.769	384.1577778
343.221	374.0155556
343.673	364.1333333
344.124	362.0522222
344.576	351.65
345.027	351.65
345.478	352.43
345.93	355.8111111
346.381	356.3311111
346.832	352.69
347.284	354.77
347.735	359.4511111
348.186	360.2322222
348.637	376.0955556
349.088	375.8355556
349.539	370.1144444
349.99	376.6155556
350.441	370.3744444
350.892	377.3955556
351.343	377.6555556
351.793	378.4355556
352.244	373.7544444
352.695	363.3522222
353.146	366.7333333
353.596	373.4944444
354.047	361.7922222
354.497	363.0922222
354.948	356.3311111
355.398	352.95
355.848	349.0488889
356.299	348.5277778
356.749	347.2266667
357.199	340.7255556
357.65	344.8866667
358.1	353.9877778
358.55	350.6077778
359	354.5088889
359.45	355.29
359.9	356.85
360.35	363.8722222
360.8	364.6533333
361.25	366.7333333
361.699	365.4333333
362.149	367.2544444
362.599	371.1544444
363.049	365.9533333
363.498	370.1133333
363.948	375.5744444
364.397	371.4133333
364.847	375.5733333
365.296	382.8555556
365.746	384.9355556
366.195	377.6533333
366.644	378.1744444
367.094	386.4955556
367.543	387.0155556
367.992	385.9755556
368.441	390.1366667
368.89	384.1555556
369.339	376.8733333
369.788	376.6133333
370.237	370.8922222
370.686	369.3311111
371.135	368.8111111
371.584	368.8111111
372.033	372.9722222
372.482	372.7122222
372.93	377.1333333
373.379	377.9133333
373.827	378.9533333
374.276	382.0744444
374.725	382.0744444
375.173	382.3344444
375.621	382.3344444
376.07	372.9722222
376.518	363.09
376.966	359.9688889
377.415	354.2477778
377.863	346.4466667
378.311	353.7277778
378.759	353.4677778
379.207	344.1055556
379.655	344.8866667
380.103	354.5088889
380.551	362.31
380.999	369.3322222
381.447	381.2955556
381.895	390.1377778
382.342	386.7577778
382.79	395.34
383.238	399.2411111
383.685	399.5011111
384.133	393
384.58	393.26
385.028	388.8388889
385.475	382.5966667
385.923	379.4755556
386.37	375.5744444
386.817	365.1722222
387.265	367.7733333
387.712	372.9744444
388.159	376.0944444
388.606	368.5533333
389.053	364.9122222
389.5	363.0922222
389.947	359.9711111
390.394	358.41
390.841	359.97
391.288	351.9077778
391.735	345.6655556
392.181	344.6255556
392.628	359.4488889
393.075	356.0688889
393.521	359.71
393.968	360.7511111
394.414	364.9122222
394.861	363.8722222
395.307	366.2133333
395.754	366.9944444
396.2	369.5955556
396.646	356.0722222
397.093	357.6322222
397.539	353.7311111
397.985	351.65
398.431	345.1488889
398.877	348.79
399.323	349.05
399.769	346.1888889
400.215	344.1077778
400.661	348.5288889
401.107	351.3888889
401.552	355.03
401.998	355.55
402.444	360.7511111
402.889	357.37
403.335	365.1711111
403.781	373.2333333
404.226	372.4533333
404.672	374.0133333
405.117	378.9544444
405.562	369.8522222
406.008	371.4133333
406.453	372.7133333
406.898	370.8933333
407.343	369.5933333
407.789	361.2711111
408.234	366.7322222
408.679	365.9522222
409.124	365.6922222
409.569	376.6144444
410.014	382.3355556
410.458	383.8966667
410.903	385.9766667
411.348	384.4166667
411.793	388.8377778
412.237	381.2966667
412.682	388.3188889
413.127	384.1588889
413.571	376.6166667
414.016	367.2544444
414.46	358.9322222
414.904	358.4122222
415.349	359.9722222
415.793	357.8911111
416.237	354.77
416.682	346.9677778
417.126	356.0688889
417.57	365.1711111
418.014	371.9322222
418.458	378.1733333
418.902	380.5133333
419.346	380.2533333
419.79	379.4733333
420.233	392.7366667
420.677	401.5788889
421.121	397.4188889
421.565	390.3977778
422.008	388.5777778
422.452	386.2377778
422.895	380.7766667
423.339	379.7366667
423.782	377.9166667
424.226	371.6755556
424.669	370.3755556
425.113	375.0566667
425.556	377.1366667
425.999	375.5755556
426.442	374.5355556
426.885	372.1955556
427.328	371.4155556
427.771	376.6166667
428.214	382.0777778
428.657	373.2355556
429.1	364.6533333
429.543	364.3933333
429.986	372.1955556
430.429	384.4177778
430.871	391.9588889
431.314	390.9177778
431.757	390.1377778
432.199	379.4755556
432.642	379.9955556
433.084	384.4166667
433.527	382.8566667
433.969	369.0733333
434.411	359.4511111
434.854	363.3522222
435.296	364.3933333
435.738	356.3311111
436.18	364.1322222
436.622	368.5533333
437.064	366.2122222
437.506	367.2522222
437.948	367.2522222
438.39	362.8311111
438.832	361.5311111
439.274	364.6511111
439.715	378.1744444
440.157	375.0533333
440.599	375.0533333
441.04	378.6944444
441.482	381.2955556
441.924	393.7788889
442.365	401.5811111
442.806	400.0211111
443.248	394.04
443.689	383.8977778
444.13	380.2577778
444.572	383.6388889
445.013	378.6977778
445.454	382.3377778
445.895	380.5166667
446.336	382.3366667
446.777	381.2955556
447.218	380.7755556
447.659	384.6766667
448.1	391.9577778
448.54	386.4955556
448.981	393.7766667
449.422	388.3155556
449.863	382.8544444
450.303	385.9755556
450.744	395.8577778
451.184	394.2977778
451.625	392.2166667
452.065	395.3377778
452.505	397.4188889
452.946	394.0388889
453.386	393.2588889
453.826	406.7822222
454.266	399.5
454.707	392.7388889
455.147	392.7388889
455.587	394.82
456.027	393.26
456.467	393.78
456.906	393.52
457.346	390.4
457.786	384.1588889
458.226	384.4188889
458.666	386.2388889
459.105	394.3
459.545	399.5011111
459.984	401.5811111
460.424	402.3611111
460.863	400.54
461.303	408.8611111
461.742	404.18
462.181	409.9022222
462.621	415.8844444
463.06	413.0244444
463.499	413.0244444
463.938	411.7244444
464.377	418.2255556
464.816	424.4677778
465.255	428.6288889
465.694	445.2722222
466.133	450.9933333
466.572	456.9744444
467.01	472.0577778
467.449	480.9
467.888	495.4633333
468.326	502.4855556
468.765	516.2677778
469.203	535.2522222
469.642	539.1533333
470.08	552.1555556
470.519	561.7777778
470.957	577.3811111
471.395	591.6844444
471.834	608.5877778
472.272	631.2133333
472.71	659.56
473.148	673.6033333
473.586	697.5288889
474.024	727.1755556
474.462	757.3422222
474.9	792.45
475.338	834.8388889
475.775	869.6866667
476.213	911.0355556
476.651	935.4811111
477.088	983.3322222
477.526	1021.041111
477.964	1064.992222
478.401	1105.301111
478.838	1149.771111
479.276	1200.743333
479.713	1256.136667
480.15	1314.39
480.588	1392.147778
481.025	1451.181111
481.462	1530.758889
481.899	1606.435556
482.336	1697.456667
482.773	1773.654444
483.21	1865.975556
483.647	1981.702222
484.084	2088.326667
484.521	2196.252222
484.957	2323.941111
485.394	2450.33
485.831	2582.96
486.267	2716.891111
486.704	2886.97
487.14	3041.965556
487.577	3184.737778
488.013	3368.08
488.45	3557.403333
488.886	3742.825556
489.322	3957.114444
489.758	4176.345556
490.195	4425.742222
490.631	4689.962222
491.067	4953.662222
491.503	5264.173333
491.939	5570.263333
492.375	5909.64
492.81	6272.683333
493.246	6629.225556
493.682	7020.094444
494.118	7441.391111
494.553	7840.843333
494.989	8316.232222
495.424	8779.918889
495.86	9278.193333
496.295	9776.467778
496.731	10341.83778
497.166	10938.41444
497.602	11575.3
498.037	12204.64333
498.472	12890.68
498.907	13613.38556
499.342	14382.38111
499.777	15140.19444
500.212	15938.05667
500.647	16772.06667
501.082	17641.44556
501.517	18549.31333
501.952	19530.51889
502.387	20502.62111
502.821	21492.40778
503.256	22489.99556
503.69	23598.88889
504.125	24731.96889
504.56	25905.61778
504.994	27076.66556
505.428	28257.33667
505.863	29436.96667
506.297	30680.31111
506.731	31886.46667
507.165	33107.96667
507.6	34349.49111
508.034	35564.48889
508.468	36759.20222
508.902	37990.06444
509.336	39158.25111
509.77	40309.53444
510.203	41389.82222
510.637	42536.42444
511.071	43588.88556
511.505	44605.71778
511.938	45611.36778
512.372	46515.59556
512.805	47342.32444
513.239	48155.27111
513.672	48868.61444
514.106	49546.59
514.539	50107.01889
514.972	50625.83778
515.406	51042.71333
515.839	51369.86889
516.272	51665.81667
516.705	51839.27667
517.138	51944.08
517.571	52018.45667
518.004	51981.78778
518.437	51834.85444
518.87	51725.62889
519.302	51415.89778
519.735	51121.25
520.168	50717.37667
520.6	50268.51333
521.033	49770.24
521.466	49115.93
521.898	48520.39333
522.33	47873.62444
522.763	47113.99111
523.195	46379.06333
523.627	45568.19778
524.06	44693.09778
524.492	43849.98444
524.924	42941.85667
525.356	42078.71889
525.788	41193.21667
526.22	40272.60667
526.652	39340.81333
527.084	38448.28889
527.516	37520.91667
527.947	36614.34889
528.379	35710.90222
528.811	34836.58111
529.242	34028.31667
529.674	33185.46333
530.105	32355.61333
530.537	31585.57667
530.968	30843.10667
531.399	30093.09444
531.831	29413.03889
532.262	28713.21889
532.693	28066.19111
533.124	27317.48
533.555	26637.16444
533.986	25999.49778
534.417	25368.59333
534.848	24730.92778
535.279	24163.73889
535.71	23573.92444
536.141	22993.47222
536.572	22388.83444
537.002	21889
537.433	21343.13556
537.863	20836.02
538.294	20284.69444
538.724	19773.41667
539.155	19262.39889
539.585	18739.93889
540.015	18274.69222
540.446	17790.98111
540.876	17334.05667
541.306	16857.62778
541.736	16389
542.166	15956.26111
542.596	15512.6
543.026	15069.71889
543.456	14650.50333
543.886	14232.58778
544.316	13844.57889
544.745	13396.49556
545.175	13020.44889
545.605	12613.71667
546.034	12224.14667
546.464	11823.13444
546.893	11444.74778
547.323	11110.57111
547.752	10762.61111
548.181	10412.31111
548.611	10117.66444
549.04	9789.21
549.469	9500.803333
549.898	9210.837778
550.327	8941.936667
550.756	8663.413333
551.185	8364.344444
551.614	8088.941111
552.043	7846.045556
552.472	7604.97
552.9	7361.553333
553.329	7144.403333
553.758	6944.416667
554.186	6727.786667
554.615	6526.24
555.043	6347.318889
555.472	6165.537778
555.9	5990.777778
556.328	5823.038889
556.757	5675.065556
557.185	5517.99
557.613	5353.112222
558.041	5224.123333
558.469	5094.874444
558.897	4965.365556
559.325	4849.378889
559.753	4725.85
560.181	4609.863333
560.609	4496.216667
561.037	4390.372222
561.464	4300.652222
561.892	4185.965556
562.319	4094.684444
562.747	4003.923333
563.175	3910.822222
563.602	3823.182222
564.029	3737.883333
564.457	3661.686667
564.884	3583.148889
565.311	3494.988889
565.738	3428.153333
566.165	3335.572222
566.592	3245.071111
567.019	3169.913333
567.446	3092.675556
567.873	3025.32
568.3	2937.94
568.727	2862.523333
569.154	2779.304444
569.58	2698.166667
570.007	2638.092222
570.434	2568.916667
570.86	2494.28
571.287	2435.506667
571.713	2367.371111
572.139	2313.798889
572.566	2259.966667
572.992	2224.597778
573.418	2177.526667
573.844	2116.413333
574.27	2083.385556
574.696	2037.875556
575.122	1987.424444
575.548	1934.892222
575.974	1887.821111
576.4	1837.368889
576.826	1783.536667
577.252	1743.747778
577.677	1718.002222
578.103	1679.774444
578.528	1644.145556
578.954	1607.736667
579.379	1583.551111
579.805	1565.346667
580.23	1548.963333
580.655	1523.217778
581.081	1494.091111
581.506	1469.384444
581.931	1444.677778
582.356	1426.473333
582.781	1416.851111
583.206	1391.885556
583.631	1361.458889
584.056	1333.892222
584.481	1321.668889
584.905	1310.486667
585.33	1287.602222
585.755	1269.918889
586.179	1254.575556
586.604	1229.61
587.028	1218.427778
587.453	1207.505556
587.877	1179.418889
588.302	1171.877778
588.726	1165.635556
589.15	1150.292222
589.574	1140.67
589.998	1133.388889
590.422	1118.305556
590.846	1105.302222
591.27	1098.54
591.694	1106.342222
592.118	1089.697778
592.542	1066.032222
592.966	1061.091111
593.389	1055.11
593.813	1042.886667
594.236	1046.527778
594.66	1035.605556
595.083	1025.463333
595.507	1017.141111
595.93	1012.981111
596.354	1011.161111
596.777	1002.058889
597.2	990.6155556
597.623	980.7333333
598.046	972.9311111
598.469	963.8288889
598.892	959.6677778
599.315	956.5477778
599.738	950.0455556
600.161	964.3488889
600.584	960.7077778
601.006	961.7477778
601.429	962.2677778
601.851	962.5277778
602.274	971.63
602.696	977.6122222
603.119	977.6122222
603.541	972.1511111
603.964	951.6066667
604.386	954.7277778
604.808	960.45
605.23	956.81
605.652	951.0888889
606.074	946.1477778
606.496	933.6644444
606.918	930.2833333
607.34	936.2644444
607.762	934.4433333
608.184	941.2044444
608.606	933.4022222
609.027	934.9622222
609.449	927.4211111
609.87	923.78
610.292	919.3588889
610.713	914.4177778
611.135	903.7555556
611.556	900.3755556
611.977	888.1522222
612.398	878.01
612.82	871.7688889
613.241	858.7655556
613.662	853.5644444
614.083	849.6633333
614.504	848.3633333
614.925	834.32
615.345	834.06
615.766	832.5
616.187	829.1188889
616.608	818.1955556
617.028	829.3777778
617.449	822.3566667
617.869	825.7377778
618.29	814.0344444
618.71	825.7377778
619.131	812.2144444
619.551	799.9922222
619.971	793.2311111
620.391	790.3711111
620.811	782.57
621.231	784.13
621.651	775.2877778
622.071	782.31
622.491	772.6877778
622.911	773.9877778
623.331	773.2066667
623.751	766.1844444
624.17	768.7844444
624.59	766.7033333
625.009	770.6044444
625.429	764.1033333
625.848	750.84
626.268	752.66
626.687	743.2977778
627.106	745.1188889
627.526	756.0422222
627.945	750.3211111
628.364	739.1388889
628.783	729.2566667
629.202	734.1977778
629.621	726.1355556
630.04	714.9533333
630.459	719.1144444
630.878	706.3711111
631.296	692.5877778
631.715	690.2477778
632.134	698.31
632.552	699.87
632.971	688.9477778
633.389	691.2888889
633.807	692.0688889
634.226	689.9888889
634.644	693.89
635.062	692.59
635.48	693.63
635.899	687.6477778
636.317	670.4833333
636.735	665.0222222
637.153	658.26
637.57	658.78
637.988	651.4977778
638.406	647.0766667
638.824	643.4355556
639.241	626.5311111
639.659	612.2277778
640.077	620.03
640.494	625.2311111
640.912	622.3711111
641.329	608.8477778
641.746	609.1077778
642.164	604.1666667
642.581	594.8044444
642.998	596.1055556
643.415	601.8277778
643.832	605.4688889
644.249	597.6666667
644.666	593.5055556
645.083	597.1466667
645.5	592.2055556
645.916	595.0666667
646.333	609.37
646.75	611.45
647.166	605.4677778
647.583	585.9633333
647.999	584.9233333
648.416	589.3444444
648.832	581.5422222
649.249	582.5822222
649.665	575.56
650.081	569.3188889
650.497	565.6777778
650.913	566.4588889
651.329	574.26
651.745	573.22
652.161	571.1388889
652.577	577.6411111
652.993	572.96
653.409	570.1
653.824	558.1366667
654.24	557.0966667
654.655	555.2755556
655.071	545.1333333
655.486	543.3122222
655.902	542.5322222
656.317	533.17
656.732	526.9288889
657.148	520.6866667
657.563	525.8877778
657.978	527.7088889
658.393	523.5477778
658.808	527.7088889
659.223	520.9477778
659.638	511.0655556
660.053	513.1455556
660.467	506.3844444
660.882	511.0655556
661.297	505.6044444
661.711	494.4211111
662.126	491.8211111
662.54	485.84
662.955	486.62
663.369	488.18
663.784	480.3788889
664.198	485.32
664.612	479.3388889
665.026	477.7788889
665.44	474.3988889
665.854	471.0177778
666.268	471.7977778
666.682	460.3555556
667.096	456.4555556
667.51	454.3744444
667.924	448.1322222
668.337	453.5933333
668.751	457.2333333
669.164	461.3933333
669.578	462.4333333
669.991	456.1922222
670.405	463.7333333
670.818	463.9933333
671.231	471.2755556
671.645	479.0777778
672.058	478.0377778
672.471	469.7166667
672.884	462.6955556
673.297	459.0555556
673.71	460.3555556
674.123	458.2755556
674.536	454.6344444
674.948	445.2722222
675.361	440.8511111
675.774	434.87
676.186	429.6688889
676.599	440.3311111
677.011	443.4511111
677.424	445.0111111
677.836	448.6522222
678.248	450.7322222
678.661	443.19
679.073	446.8311111
679.485	442.41
679.897	450.4711111
680.309	440.0688889
680.721	437.7288889
681.133	436.4288889
681.545	431.2266667
681.957	420.5644444
682.368	424.2055556
682.78	409.3822222
683.192	408.6022222
683.603	400.2811111
684.015	408.3433333
684.426	408.0833333
684.837	409.3833333
685.249	411.4644444
685.66	420.3066667
686.071	422.1266667
686.482	430.9688889
686.893	431.7488889
687.304	431.7488889
687.715	432.5288889
688.126	433.5688889
688.537	431.7488889
688.948	434.87
689.359	428.1088889
689.769	429.67
690.18	428.6288889
690.591	419.2666667
691.001	427.5877778
691.411	416.4044444
691.822	414.0633333
692.232	408.3422222
692.642	403.6611111
693.053	408.8622222
693.463	410.9422222
693.873	406.0011111
694.283	420.3044444
694.693	424.7255556
695.103	435.6488889
695.513	437.21
695.922	438.51
696.332	441.37
696.742	440.59
697.151	434.6088889
697.561	433.8288889
697.97	425.2466667
698.38	414.3244444
698.789	403.1411111
699.199	398.98
699.608	403.6611111
700.017	401.0611111
700.426	402.3611111
700.835	406.7822222
701.244	402.1011111
701.653	396.64
702.062	397.42
702.471	401.0611111
702.88	404.9622222
703.289	403.6622222
703.697	397.16
704.106	388.5777778
704.514	388.8377778
704.923	391.9588889
705.331	392.2188889
705.74	394.04
706.148	387.2788889
706.556	382.0777778
706.965	379.4766667
707.373	385.9788889
707.781	391.7
708.189	385.1977778
708.597	392.4788889
709.005	392.7388889
709.413	391.9577778
709.82	393.2577778
710.228	393.2577778
710.636	387.5366667
711.043	385.4555556
711.451	385.4555556
711.858	383.8955556
712.266	379.7355556
712.673	381.5555556
713.081	380.5155556
713.488	384.1566667
713.895	389.0977778
714.302	389.6177778
714.709	389.6177778
715.116	385.9766667
715.523	389.8777778
715.93	385.9766667
716.337	386.2366667
716.744	382.5955556
717.15	382.8555556
717.557	379.9944444
717.964	383.3755556
718.37	385.4566667
718.777	388.8377778
719.183	390.6577778
719.589	393.5177778
719.996	397.4188889
720.402	396.3788889
720.808	392.2177778
721.214	393.2577778
721.62	388.3166667
722.026	381.5544444
722.432	375.8333333
722.838	376.3533333
723.244	371.6722222
723.65	374.2733333
724.055	375.0533333
724.461	370.1122222
724.867	363.6111111
725.272	362.8311111
725.678	366.2122222
726.083	366.2122222
726.488	362.5722222
726.894	372.7155556
727.299	363.0933333
727.704	370.8955556
728.109	389.1
728.514	398.7222222
728.919	397.6811111
729.324	403.6622222
729.729	404.9622222
730.134	408.3422222
730.538	406.5211111
730.943	408.0811111
731.348	400.2788889
731.752	390.1366667
732.157	380.7744444
732.561	385.9766667
732.966	379.4755556
733.37	375.0544444
733.774	369.5933333
734.178	365.9522222
734.582	362.8322222
734.987	364.6533333
735.391	369.0744444
735.795	377.3966667
736.198	381.2966667
736.602	379.2155556
737.006	381.5566667
737.41	378.4366667
737.813	376.8766667
738.217	379.2166667
738.621	379.2166667
739.024	379.9966667
739.427	365.4333333
739.831	365.1733333
740.234	364.3933333
740.637	370.1144444
741.04	368.5533333
741.444	374.2744444
741.847	373.2344444
742.25	370.3733333
742.652	362.3111111
743.055	378.1744444
743.458	378.9544444
743.861	383.6355556
744.264	376.0933333
744.666	387.5366667
745.069	380.2555556
745.471	380.5155556
745.874	382.3355556
746.276	390.9177778
746.678	382.0755556
747.081	376.8744444
747.483	370.6333333
747.885	369.8533333
748.287	371.6733333
748.689	372.4533333
749.091	375.0533333
749.493	375.5744444
749.895	366.9922222
750.296	367.7722222
750.698	367.2522222
751.1	364.3911111
751.501	372.4533333
751.903	356.59
752.304	356.59
752.706	353.73
753.107	351.1288889
753.508	351.3888889
753.909	351.9088889
754.311	349.3088889
754.712	351.65
755.113	345.6688889
755.514	348.5288889
755.915	352.43
756.315	360.4911111
756.716	366.4722222
757.117	366.2122222
757.518	370.6333333
757.918	371.4133333
758.319	370.6333333
758.719	376.3544444
759.12	385.9766667
759.52	385.9766667
759.92	387.5377778
760.321	385.9777778
760.721	387.2777778
761.121	390.1388889
761.521	389.0988889
761.921	400.8011111
762.321	397.42
762.721	393.5188889
763.12	377.9144444
763.52	373.7533333
763.92	369.8522222
764.319	365.9522222
764.719	354.5088889
765.118	357.6288889
765.518	342.5455556
765.917	340.4655556
766.317	338.9055556
766.716	354.51
767.115	355.03
767.514	348.0088889
767.913	351.6488889
768.312	355.03
768.711	356.0711111
769.11	356.3311111
769.509	361.7922222
769.907	367.2533333
770.306	364.6522222
770.705	361.5311111
771.103	372.4533333
771.502	382.5955556
771.9	389.0977778
772.299	391.9577778
772.697	406.5211111
773.095	410.9422222
773.493	407.8222222
773.891	411.7233333
774.29	416.1444444
774.688	417.1844444
775.085	411.4633333
775.483	403.6611111
775.881	404.1811111
776.279	394.5588889
776.677	388.8377778
777.074	384.4166667
777.472	383.1166667
777.869	375.5755556
778.267	375.0555556
778.664	371.6744444
779.061	376.6155556
779.459	373.7555556
779.856	374.0155556
780.253	371.1544444
780.65	369.3333333
781.047	368.0322222
781.444	378.1744444
781.841	371.4133333
782.238	370.6333333
782.634	368.2922222
783.031	362.57
783.428	362.57
783.824	368.5511111
784.221	372.9722222
784.617	367.2511111
785.014	362.83
785.41	368.0311111
785.806	366.2111111
786.202	367.7722222
786.598	366.9922222
786.994	367.7722222
787.39	359.4511111
787.786	351.13
788.182	355.5511111
788.578	351.91
788.974	343.5877778
789.369	344.6277778
789.765	342.5466667
790.161	349.3088889
790.556	350.6088889
790.952	360.4911111
791.347	365.6922222
791.742	379.2155556
792.137	379.4755556
792.533	390.3977778
792.928	403.1411111
793.323	401.5811111
793.718	399.5
794.113	398.2
794.508	387.0166667
794.902	386.7566667
795.297	372.9733333
795.692	374.0133333
796.086	366.2122222
796.481	355.0288889
796.875	359.19
797.27	355.55
797.664	357.6311111
798.058	358.9322222
798.453	355.2911111
798.847	359.9722222
799.241	359.1922222
799.635	362.8322222
800.029	365.4333333
800.423	360.4922222
800.817	362.3122222
801.21	363.8722222
801.604	363.0911111
801.998	367.5122222
802.391	358.67
802.785	361.2711111
803.178	356.33
803.572	352.9488889
803.965	356.0688889
804.358	353.7277778
804.752	347.2266667
805.145	347.2266667
805.538	345.1455556
805.931	347.2266667
806.324	338.6444444
806.717	339.4255556
807.11	338.3855556
807.502	334.7455556
807.895	335.7866667
808.288	335.7866667
808.68	339.9477778
809.073	351.3911111
809.465	353.2111111
809.858	363.6133333
810.25	363.0922222
810.642	369.3333333
811.034	376.6144444
811.426	381.5555556
811.818	383.6355556
812.21	383.3755556
812.602	374.5333333
812.994	367.7722222
813.386	361.0111111
813.778	361.0111111
814.169	356.59
814.561	348.5288889
814.953	352.95
815.344	354.77
815.736	357.8911111
816.127	361.2722222
816.518	369.3333333
816.909	372.4533333
817.301	377.1344444
817.692	382.3366667
818.083	391.4377778
818.474	378.9544444
818.865	379.4755556
819.255	368.2933333
819.646	361.0111111
820.037	362.8322222
820.428	358.6722222
820.818	360.4933333
821.209	348.27
821.599	340.4688889
821.99	348.5311111
822.38	341.7688889
822.77	353.4711111
823.16	362.0533333
823.55	355.5511111
823.94	350.87
824.33	346.9688889
824.72	354.7711111
825.11	355.8111111
825.5	358.9311111
825.89	361.2722222
826.28	356.8511111
826.669	355.03
827.059	357.6311111
827.448	367.5133333
827.838	364.3922222
828.227	360.2311111
828.616	364.1322222
829.005	355.5511111
829.395	357.8911111
829.784	356.8511111
830.173	353.2111111
830.562	356.8522222
830.951	348.79
831.339	349.5711111
831.728	350.6111111
832.117	345.15
832.506	345.41
832.894	343.85
833.283	341.5088889
833.671	350.3511111
834.059	352.1711111
834.448	357.6322222
834.836	361.5322222
835.224	368.5533333
835.612	377.1355556
836	378.9555556
836.388	381.8155556
836.776	385.4566667
837.164	382.0755556
837.552	377.1344444
837.94	372.7133333
838.327	369.8533333
838.715	365.4333333
839.103	364.6522222
839.49	369.5933333
839.877	367.2533333
840.265	364.6533333
840.652	362.0522222
841.039	362.0522222
841.426	368.8144444
841.813	369.8544444
842.2	372.1944444
842.587	374.0155556
842.974	367.7744444
843.361	374.7955556
843.748	373.7544444
844.134	376.8755556
844.521	377.3955556
844.908	374.2744444
845.294	372.9744444
845.681	372.9744444
846.067	360.4911111
846.453	358.67
846.839	359.19
847.226	363.8711111
847.612	356.0688889
847.998	361.27
848.384	364.3911111
848.77	363.09
849.155	356.0688889
849.541	357.3688889
849.927	359.45
850.312	352.6888889
850.698	356.59
851.084	358.9311111
851.469	357.8911111
851.854	358.4111111
852.24	366.4733333
852.625	372.7144444
853.01	380.7766667
853.395	376.6155556
853.78	381.5566667
854.165	372.7144444
854.55	365.4322222
854.935	366.4722222
855.32	365.9522222
855.704	363.3522222
856.089	359.9711111
856.474	355.29
856.858	366.2122222
857.243	366.4722222
857.627	369.3333333
858.011	381.0366667
858.396	371.4144444
858.78	375.3144444
859.164	378.4344444
859.548	377.6544444
859.932	377.1344444
860.316	377.3944444
860.7	369.5933333
861.083	374.7944444
861.467	370.8933333
861.851	371.6733333
862.234	359.4511111
862.618	350.8688889
863.001	352.9488889
863.385	355.2888889
863.768	354.2488889
864.151	359.97
864.534	351.9077778
864.918	360.23
865.301	363.3511111
865.684	364.9111111
866.066	367.7722222
866.449	363.3522222
866.832	363.8733333
867.215	365.4333333
867.597	366.2133333
867.98	376.6155556
868.363	363.8722222
868.745	364.6522222
869.127	375.8355556
869.51	377.3955556
869.892	376.3544444
870.274	374.5333333
870.656	373.7533333
871.038	368.5522222
871.42	356.33
871.802	364.6522222
872.184	365.9522222
872.566	353.9888889
872.948	353.4688889
873.329	357.63
873.711	364.3922222
874.092	356.8511111
874.474	358.1511111
874.855	364.6522222
875.236	365.6922222
875.618	359.1911111
875.999	362.8322222
876.38	366.4733333
876.761	367.2533333
877.142	355.29
877.523	358.67
877.904	359.45
878.285	357.11
878.665	352.4288889
879.046	354.77
879.426	357.89
879.807	353.2088889
880.187	348.2677778
880.568	352.1688889
880.948	345.1477778
881.328	347.7488889
881.708	346.9688889
882.089	348.0088889
882.469	355.03
882.849	354.25
883.228	354.51
883.608	358.4111111
883.988	362.0522222
884.368	371.6744444
884.747	370.1133333
885.127	367.5122222
885.506	366.4722222
885.886	362.5711111
886.265	359.4511111
886.645	356.07
887.024	348.5288889
887.403	343.8477778
887.782	337.8666667
888.161	338.9077778
888.54	342.5488889
888.919	345.93
889.298	348.2711111
889.676	353.7322222
890.055	351.6522222
890.434	352.9522222
890.812	351.6511111
891.191	355.2911111
891.569	353.47
891.948	357.1111111
892.326	348.5288889
892.704	350.6088889
893.082	352.4288889
893.46	358.67
893.838	369.3322222
894.216	363.3511111
894.594	364.9122222
894.972	363.6122222
895.35	368.8133333
895.727	373.4944444
896.105	365.6933333
896.482	369.0744444
896.86	370.1144444
897.237	359.7122222
897.615	369.8544444
897.992	368.0333333
898.369	374.0144444
898.746	369.3333333
899.123	367.7733333
899.5	369.3333333
899.877	354.25
900.254	345.6688889
900.631	349.57
901.007	348.79
901.384	356.8522222
901.761	351.9111111
902.137	351.13
902.514	354.77
902.89	355.29
903.266	358.41
903.642	364.3911111
904.019	363.35
904.395	364.65
904.771	358.1488889
905.147	358.6688889
905.523	351.9077778
905.898	347.2266667
906.274	354.2477778
906.65	350.8677778
907.026	350.6077778
907.401	355.5488889
907.777	355.8088889
908.152	350.6077778
908.527	353.9888889
908.903	358.41
909.278	363.8711111
909.653	356.07
910.028	356.59
910.403	362.8311111
910.778	367.2522222
911.153	365.9522222
911.528	374.0133333
911.902	375.3133333
912.277	371.6722222
912.652	373.4933333
913.026	370.8922222
913.4	379.7344444
913.775	379.4744444
914.149	373.4933333
914.523	369.0722222
914.898	371.4133333
915.272	367.5122222
915.646	374.2744444
916.02	368.5533333
916.394	367.2533333
916.767	354.25
917.141	342.2877778
917.515	336.3066667
917.888	349.05
918.262	342.5477778
918.635	341.7677778
919.009	340.9866667
919.382	342.2866667
919.756	356.59
920.129	360.7511111
920.502	364.6511111
920.875	369.3322222
921.248	360.23
921.621	358.15
921.994	357.63
922.366	349.5688889
922.739	349.8288889
923.112	347.7488889
923.484	352.95
923.857	361.0122222
924.229	357.6311111
924.602	358.1511111
924.974	360.2311111
925.346	366.4733333
925.718	376.8755556
926.091	375.5755556
926.463	366.9933333
926.835	372.1944444
927.206	364.3922222
927.578	370.1133333
927.95	372.7144444
928.322	367.7733333
928.693	359.4511111
929.065	356.07
929.436	354.2488889
929.808	353.4688889
930.179	351.3877778
930.55	356.0688889
930.921	353.7288889
931.293	352.1677778
931.664	357.6288889
932.035	364.91
932.406	368.2911111
932.776	368.8111111
933.147	368.03
933.518	359.9688889
933.888	361.53
934.259	357.6288889
934.63	358.93
935	361.0111111
935.37	353.47
935.741	347.4888889
936.111	343.8488889
936.481	346.19
936.851	355.0322222
937.221	349.0511111
937.591	353.2122222
937.961	347.7511111
938.331	333.9677778
938.7	337.3477778
939.07	339.9477778
939.44	353.9911111
939.809	354.2511111
940.178	352.43
940.548	356.33
940.917	352.9488889
941.286	353.7288889
941.656	362.0511111
942.025	362.0511111
942.394	359.9711111
942.763	356.85
943.131	355.29
943.5	351.65
943.869	339.6877778
944.238	341.2488889
944.606	348.53
944.975	345.6688889
945.343	344.3688889
945.712	344.6288889
946.08	341.2477778
946.448	340.7277778
946.816	343.0677778
947.184	351.65
947.552	348.7888889
947.92	346.1888889
948.288	346.9688889
948.656	344.1088889
949.024	349.31
949.392	355.5522222
949.759	355.2911111
950.127	355.5511111
950.494	351.13
950.862	352.17
951.229	345.4077778
951.596	350.0888889
951.963	351.6488889
952.33	347.4877778
952.697	335.5244444
953.064	342.0266667
953.431	341.7666667
953.798	349.8277778
954.165	356.59
954.532	361.0111111
954.898	358.9311111
955.265	358.9311111
955.631	361.7922222
955.998	364.1333333
956.364	363.6133333
956.73	362.0533333
957.096	354.2522222
957.463	351.3911111
957.829	349.8311111
958.195	346.45
958.56	344.63
958.926	343.3288889
959.292	347.7488889
959.658	350.0888889
960.023	351.6488889
960.389	354.2488889
960.754	350.0877778
961.12	353.4688889
961.485	353.7288889
961.85	352.4277778
962.216	349.0477778
962.581	345.9277778
962.946	343.5877778
963.311	352.43
963.676	353.9911111
964.041	359.4522222
964.405	353.73
964.77	361.7922222
965.135	367.7733333
965.499	367.5133333
965.864	366.4733333
966.228	362.5722222
966.592	355.81
966.957	361.2711111
967.321	360.7511111
967.685	367.5133333
968.049	367.2533333
968.413	363.8733333
968.777	362.5722222
969.141	371.1533333
969.504	375.0544444
969.868	372.1944444
970.232	372.1944444
970.595	375.0555556
970.959	376.6155556
971.322	373.2344444
971.686	371.6733333
972.049	372.1944444
972.412	365.9533333
972.775	365.1733333
973.138	363.6133333
973.501	361.2722222
973.864	358.4111111
974.227	350.0888889
974.59	355.03
974.952	352.69
975.315	352.4288889
975.677	349.3077778
976.04	342.0255556
976.402	343.3255556
976.765	342.0255556
977.127	336.3044444
977.489	337.8655556
977.851	333.1844444
978.213	336.0455556
978.575	344.8877778
978.937	347.2288889
979.299	348.5288889
979.661	354.51
980.022	358.6711111
980.384	361.5322222
980.745	362.8322222
981.107	358.6711111
981.468	356.33
981.83	346.4477778
982.191	332.4044444
982.552	331.3644444
982.913	328.7633333
983.274	326.9422222
983.635	340.2044444
983.996	345.6655556
984.357	350.3466667
984.718	353.2077778
985.078	361.01
985.439	375.8333333
985.799	374.0133333
986.16	372.1933333
986.52	370.1133333
986.88	352.17
987.241	353.21
987.601	356.0711111
987.961	355.8111111
988.321	349.57
988.681	339.6877778
989.041	342.8077778
989.4	344.3677778
989.76	349.8288889
990.12	357.63
990.479	353.2088889
990.839	354.2488889
991.198	349.3077778
991.558	349.0477778
991.917	364.3911111
992.276	371.4133333
992.635	374.0144444
992.994	366.9933333
993.353	369.8544444
993.712	366.2144444
994.071	362.3133333
994.43	376.0955556
994.789	376.6155556
995.147	368.0333333
995.506	361.5311111
995.864	353.7288889
996.223	356.8488889
996.581	351.9077778
996.939	352.1677778
997.297	361.01
997.656	354.5088889
998.014	353.9888889
998.372	358.93
998.729	363.8711111
999.087	369.3322222
999.445	366.2122222
999.803	364.3911111
1000.16	361.27
1000.518	345.4066667
1000.875	344.3666667
1001.233	345.4066667
1001.59	338.1255556
1001.947	333.9655556
1002.304	331.3655556
1002.661	332.4055556
1003.018	342.2877778
1003.375	346.4488889
1003.732	348.5288889
1004.089	342.0277778
1004.446	339.4266667
1004.802	344.8877778
1005.159	344.3677778
1005.516	349.0488889
1005.872	349.8288889
1006.228	336.5666667
1006.585	344.3688889
1006.941	342.0288889
1007.297	353.2111111
1007.653	362.0533333
1008.009	360.7533333
1008.365	366.7344444
1008.721	363.3533333
1009.076	360.2322222
1009.432	366.7333333
1009.788	367.7733333
1010.143	372.4544444
1010.499	367.2533333
1010.854	364.6522222
1011.21	365.1722222
1011.565	356.85
1011.92	347.7477778
1012.275	353.47
1012.63	359.4511111
1012.985	345.1477778
1013.34	350.3488889
1013.695	353.4688889
1014.049	351.1288889
1014.404	342.8066667
1014.759	346.4477778
1015.113	352.17
1015.468	349.0488889
1015.822	344.3677778
1016.176	350.6088889
1016.53	340.4666667
1016.885	337.6066667
1017.239	337.6066667
1017.593	347.2288889
1017.947	343.5877778
1018.3	342.2866667
1018.654	339.6855556
1019.008	335.5244444
1019.362	335.5244444
1019.715	340.4655556
1020.069	336.3044444
1020.422	336.5644444
1020.775	334.4844444
1021.128	339.1655556
1021.482	345.6677778
1021.835	348.7888889
1022.188	359.1922222
1022.541	363.8733333
1022.894	365.1733333
1023.246	375.5755556
1023.599	375.5755556
1023.952	378.1755556
1024.304	382.0766667
1024.657	375.0544444
1025.009	368.8133333
1025.362	355.81
1025.714	349.8288889
1026.066	346.9677778
1026.418	336.8255556
1026.77	338.3855556
1027.122	339.1655556
1027.474	338.9055556
1027.826	342.0266667
1028.178	344.3666667
1028.529	348.2677778
1028.881	339.4255556
1029.233	338.3855556
1029.584	340.4655556
1029.935	334.7444444
1030.287	328.2433333
1030.638	319.6611111
1030.989	320.7011111
1031.34	326.4222222
1031.691	325.1211111
1032.042	326.9411111
1032.393	324.0811111
1032.744	328.7622222
1033.095	325.3822222
1033.445	322.5222222
1033.796	320.1822222
1034.146	315.82625
1034.497	307.2171429
1034.847	303.15
1035.197	307.286
