wl	R
187.275	-33.412
187.74	-46.51833333
188.205	-48.52428571
188.671	-43.3
189.136	-41.31666667
189.601	-51.97888889
190.066	-57.7
190.532	-62.64111111
190.997	-56.4
191.462	-48.85888889
191.927	-33.77555556
192.392	-23.11333333
192.857	-13.75111111
193.322	-9.07
193.786	13.81555556
194.251	29.15888889
194.716	44.76222222
195.181	67.64777778
195.646	80.91111111
196.11	95.47444444
196.575	116.2788889
197.04	137.6033333
197.504	161.0077778
197.969	182.3322222
198.433	206.7777778
198.898	220.8211111
199.362	232.0033333
199.826	247.3466667
200.291	264.77
200.755	275.4333333
201.219	283.4955556
201.684	292.3377778
202.148	297.2788889
202.612	297.5388889
203.076	306.1211111
203.54	311.3233333
204.004	316.2644444
204.468	321.2055556
204.932	318.6044444
205.396	319.6444444
205.86	324.8455556
206.324	320.6844444
206.788	324.8455556
207.251	333.4277778
207.715	339.1488889
208.179	342.79
208.642	344.8711111
209.106	351.1122222
209.57	349.8122222
210.033	344.3511111
210.497	346.1722222
210.96	346.6922222
211.424	335.77
211.887	327.7077778
212.35	332.9088889
212.814	322.5066667
213.277	318.0855556
213.74	318.3455556
214.203	317.3055556
214.667	315.2244444
215.13	308.4633333
215.593	306.6422222
216.056	311.5833333
216.519	293.3788889
216.982	295.4588889
217.445	296.76
217.908	296.24
218.37	297.8
218.833	301.7011111
219.296	311.5833333
219.759	320.6855556
220.221	321.9855556
220.684	324.3266667
221.147	327.7077778
221.609	329.5277778
222.072	326.4066667
222.534	325.8866667
222.997	322.2455556
223.459	310.2822222
223.922	299.62
224.384	294.4188889
224.846	304.0411111
225.309	302.7411111
225.771	295.1988889
226.233	298.58
226.695	308.9822222
227.157	306.6422222
227.619	312.3644444
228.081	324.8466667
228.543	332.6488889
229.005	331.6077778
229.467	327.4466667
229.929	328.2277778
230.391	331.8688889
230.853	325.3677778
231.315	323.2866667
231.776	326.9266667
232.238	323.5466667
232.7	316.5244444
233.161	319.9055556
233.623	323.5455556
234.084	324.3255556
234.546	319.6444444
235.007	313.1433333
235.469	314.7044444
235.93	309.2433333
236.391	308.7233333
236.853	315.2255556
237.314	303.7833333
237.775	302.4833333
238.236	301.4433333
238.697	298.5822222
239.159	300.1422222
239.62	306.3833333
240.081	311.8444444
240.542	307.1633333
241.003	298.0611111
241.463	313.9244444
241.924	323.2866667
242.385	330.0477778
242.846	333.9488889
243.307	334.7288889
243.767	338.63
244.228	329.7888889
244.689	337.85
245.149	342.7911111
245.61	336.29
246.07	333.43
246.531	333.17
246.991	332.39
247.451	334.2111111
247.912	328.75
248.372	331.61
248.832	330.83
249.293	334.7311111
249.753	329.53
250.213	317.5666667
250.673	316.5266667
251.133	311.0655556
251.593	305.3433333
252.053	305.8633333
252.513	310.2844444
252.973	307.1644444
253.433	298.5822222
253.893	302.4822222
254.352	316.2655556
254.812	323.5466667
255.272	332.9088889
255.732	342.5311111
256.191	341.4911111
256.651	339.4111111
257.11	341.4911111
257.57	339.9311111
258.029	333.17
258.489	328.4888889
258.948	324.8477778
259.407	320.6866667
259.867	317.3066667
260.326	326.9288889
260.785	331.87
261.244	331.61
261.703	336.8111111
262.163	349.8144444
262.622	348.2544444
263.081	347.7344444
263.54	354.7555556
263.999	359.9566667
264.457	351.3744444
264.916	351.1144444
265.375	345.6533333
265.834	345.6533333
266.293	336.2911111
266.751	334.21
267.21	323.5477778
267.669	313.6655556
268.127	311.0644444
268.586	316.7855556
269.044	320.9455556
269.503	322.5055556
269.961	317.5644444
270.419	324.5855556
270.878	325.3655556
271.336	333.1677778
271.794	333.4277778
272.252	342.53
272.711	332.3877778
273.169	318.3455556
273.627	325.3677778
274.085	325.8877778
274.543	325.1077778
275.001	329.7888889
275.459	335.25
275.917	334.99
276.374	323.8077778
276.832	327.7088889
277.29	330.5688889
277.748	324.8466667
278.205	333.6888889
278.663	331.3488889
279.121	332.91
279.578	324.5877778
280.036	322.7677778
280.493	321.4666667
280.951	323.2866667
281.408	319.3855556
281.865	314.7044444
282.323	311.0633333
282.78	316.5244444
283.237	314.1833333
283.694	314.1833333
284.151	321.7244444
284.609	321.4644444
285.066	318.0833333
285.523	328.7466667
285.98	339.67
286.437	343.0511111
286.893	339.93
287.35	343.0511111
287.807	349.0322222
288.264	347.7322222
288.721	357.6144444
289.177	364.8966667
289.634	360.2155556
290.09	355.5344444
290.547	360.4755556
291.004	358.1355556
291.46	355.0144444
291.916	347.9933333
292.373	344.6122222
292.829	337.8511111
293.286	336.03
293.742	339.67
294.198	336.5488889
294.654	326.6666667
295.11	326.4066667
295.566	326.4066667
296.022	328.7466667
296.478	334.9888889
296.934	333.6888889
297.39	331.0888889
297.846	324.8477778
298.302	333.43
298.758	339.1511111
299.214	348.7733333
299.669	345.3922222
300.125	353.7144444
300.581	351.8933333
301.036	348.5122222
301.492	352.1533333
301.947	354.2333333
302.403	353.7133333
302.858	354.2333333
303.314	347.9911111
303.769	349.8122222
304.224	340.97
304.68	341.23
305.135	344.0911111
305.59	334.7288889
306.045	330.8288889
306.5	332.1288889
306.955	330.8288889
307.41	326.4077778
307.865	327.4477778
308.32	336.81
308.775	340.9711111
309.23	342.7911111
309.685	349.5522222
310.139	358.3933333
310.594	352.1522222
311.049	358.3933333
311.503	368.2755556
311.958	374.2566667
312.413	371.9166667
312.867	363.5955556
313.322	366.7166667
313.776	362.2955556
314.23	365.4166667
314.685	367.7566667
315.139	358.3944444
315.593	355.7944444
316.047	356.3144444
316.502	354.7533333
316.956	363.8544444
317.41	359.6933333
317.864	362.0344444
318.318	356.0533333
318.772	357.3533333
319.226	361.2544444
319.68	363.8544444
320.133	356.0533333
320.587	363.0755556
321.041	357.3544444
321.495	360.4755556
321.948	363.3355556
322.402	363.0755556
322.855	363.5966667
323.309	359.6955556
323.762	357.0955556
324.216	364.3766667
324.669	359.9555556
325.123	362.8166667
325.576	357.0944444
326.029	358.3955556
326.482	362.0366667
326.935	361.7766667
327.389	363.3366667
327.842	360.9955556
328.295	352.6744444
328.748	343.0522222
329.201	342.0122222
329.654	345.3933333
330.107	337.3311111
330.559	335.25
331.012	336.29
331.465	336.81
331.918	336.81
332.37	338.11
332.823	343.8311111
333.275	339.67
333.728	338.37
334.18	343.0511111
334.633	341.4911111
335.085	340.19
335.538	338.63
335.99	342.2711111
336.442	349.8122222
336.894	350.5922222
337.347	359.6944444
337.799	358.9144444
338.251	358.1344444
338.703	358.3944444
339.155	354.4944444
339.607	350.0733333
340.059	349.5533333
340.511	343.3122222
340.963	342.0122222
341.414	339.6711111
341.866	345.9122222
342.318	342.5311111
342.769	343.5711111
343.221	340.45
343.673	347.7322222
344.124	348.7722222
344.576	350.3322222
345.027	351.8922222
345.478	346.6911111
345.93	344.61
346.381	352.9322222
346.832	359.4333333
347.284	366.9755556
347.735	372.6966667
348.186	369.0555556
348.637	368.0155556
349.088	370.6166667
349.539	374.7777778
349.99	377.6388889
350.441	378.4188889
350.892	373.2177778
351.343	369.3166667
351.793	359.9544444
352.244	354.7533333
352.695	352.9333333
353.146	343.5711111
353.596	343.8311111
354.047	345.9111111
354.497	349.5522222
354.948	342.7911111
355.398	344.8711111
355.848	343.3111111
356.299	346.9522222
356.749	347.7322222
357.199	358.3944444
357.65	356.8344444
358.1	344.0922222
358.55	343.8322222
359	351.1133333
359.45	353.7144444
359.9	357.0944444
360.35	351.6333333
360.8	350.5933333
361.25	350.0733333
361.699	351.3733333
362.149	354.4933333
362.599	348.7711111
363.049	353.9733333
363.498	356.3133333
363.948	351.8922222
364.397	356.5733333
364.847	357.3533333
365.296	357.3533333
365.746	350.0711111
366.195	352.1522222
366.644	351.3722222
367.094	348.5111111
367.543	348.5111111
367.992	351.1122222
368.441	357.3533333
368.89	365.1555556
369.339	366.9755556
369.788	372.1777778
370.237	370.8777778
370.686	374.5188889
371.135	371.1377778
371.584	366.4566667
372.033	367.4966667
372.482	369.5777778
372.93	366.7166667
373.379	364.8966667
373.827	365.6766667
374.276	368.2766667
374.725	363.5955556
375.173	371.6577778
375.621	375.2988889
376.07	380.24
376.518	375.2988889
376.966	363.5966667
377.415	356.3155556
377.863	355.5355556
378.311	356.3155556
378.759	359.9566667
379.207	351.3744444
379.655	354.4955556
380.103	354.7555556
380.551	358.1355556
380.999	370.8777778
381.447	376.3388889
381.895	377.8988889
382.342	380.24
382.79	377.8988889
383.238	380.76
383.685	377.8988889
384.133	371.9177778
384.58	362.2955556
385.028	356.5744444
385.475	349.2922222
385.923	345.3911111
386.37	342.27
386.817	338.3688889
387.265	333.9477778
387.712	335.5077778
388.159	337.5877778
388.606	346.43
389.053	343.3088889
389.5	355.5322222
389.947	358.3933333
390.394	361.5144444
390.841	371.1366667
391.288	373.2166667
391.735	373.4766667
392.181	375.5577778
392.628	370.8766667
393.075	386.22
393.521	382.0588889
393.968	384.1388889
394.414	381.5377778
394.861	373.4766667
395.307	377.3777778
395.754	369.5766667
396.2	366.9755556
396.646	366.7155556
397.093	355.7933333
397.539	343.83
397.985	338.8888889
398.431	343.31
398.877	342.79
399.323	337.3288889
399.769	345.9111111
400.215	352.1533333
400.661	354.2344444
401.107	359.1755556
401.552	371.3988889
401.998	378.9411111
402.444	371.14
402.889	369.5788889
403.335	378.9411111
403.781	371.1388889
404.226	360.4755556
404.672	363.8555556
405.117	360.9955556
405.562	353.7133333
406.008	345.1311111
406.453	349.2911111
406.898	355.5333333
407.343	352.4122222
407.789	352.4122222
408.234	356.3133333
408.679	353.1933333
409.124	346.4311111
409.569	358.3944444
410.014	367.2366667
410.458	366.4566667
410.903	366.9766667
411.348	366.7166667
411.793	364.3755556
412.237	369.8366667
412.682	377.3777778
413.127	380.7588889
413.571	377.6377778
414.016	371.6555556
414.46	369.8355556
414.904	370.0955556
415.349	367.2355556
415.793	372.9577778
416.237	375.2988889
416.682	365.9366667
417.126	368.7977778
417.57	359.4355556
418.014	359.1755556
418.458	367.4977778
418.902	370.0977778
419.346	379.1988889
419.79	382.8388889
420.233	379.4577778
420.677	378.4177778
421.121	377.6366667
421.565	381.7977778
422.008	390.9
422.452	385.1777778
422.895	381.0177778
423.339	369.3155556
423.782	368.2755556
424.226	364.6344444
424.669	370.6155556
425.113	378.4177778
425.556	381.2788889
425.999	373.4777778
426.442	373.2177778
426.885	372.4366667
427.328	373.2166667
427.771	365.1555556
428.214	368.0166667
428.657	372.6977778
429.1	362.8155556
429.543	361.2544444
429.986	360.9944444
430.429	360.2144444
430.871	360.9955556
431.314	358.1355556
431.757	364.6366667
432.199	364.3766667
432.642	358.1355556
433.084	355.5344444
433.527	352.9344444
433.969	353.4544444
434.411	363.8566667
434.854	358.1344444
435.296	357.8744444
435.738	354.4933333
436.18	354.2333333
436.622	349.5522222
437.064	349.2922222
437.506	351.8922222
437.948	357.6133333
438.39	350.5922222
438.832	353.9733333
439.274	358.3933333
439.715	357.6133333
440.157	352.6722222
440.599	349.8111111
441.04	353.4522222
441.482	354.4933333
441.924	352.4122222
442.365	352.6722222
442.806	361.2544444
443.248	359.4344444
443.689	364.1155556
444.13	369.8366667
444.572	375.0388889
445.013	369.0577778
445.454	368.7977778
445.895	365.4177778
446.336	356.3155556
446.777	357.8755556
447.218	350.8544444
447.659	349.8144444
448.1	347.7344444
448.54	344.3533333
448.981	352.4155556
449.422	346.6933333
449.863	344.0922222
450.303	347.7333333
450.744	337.0711111
451.184	344.6122222
451.625	337.59
452.065	339.41
452.505	347.9922222
452.946	342.01
453.386	346.9511111
453.826	349.2922222
454.266	355.2733333
454.707	358.1344444
455.147	354.7533333
455.587	361.2555556
456.027	356.0544444
456.467	353.7133333
456.906	362.0355556
457.346	363.3366667
457.786	362.8166667
458.226	362.2966667
458.666	363.0766667
459.105	363.5977778
459.545	362.2966667
459.984	364.1166667
460.424	361.7766667
460.863	363.0766667
461.303	368.5377778
461.742	363.3355556
462.181	361.2555556
462.621	359.1744444
463.06	360.2144444
463.499	364.8955556
463.938	365.9355556
464.377	363.3344444
464.816	355.5333333
465.255	341.49
465.694	348.5122222
466.133	347.4711111
466.572	345.1311111
467.01	349.5522222
467.449	341.4911111
467.888	344.0922222
468.326	354.4944444
468.765	356.5744444
469.203	360.9955556
469.642	360.4755556
470.08	359.6955556
470.519	368.0166667
470.957	363.8555556
471.395	363.5955556
471.834	360.7344444
472.272	353.7133333
472.71	355.7944444
473.148	352.1533333
473.586	342.7911111
474.024	345.3922222
474.462	338.1111111
474.9	340.7111111
475.338	343.5711111
475.775	347.2122222
476.213	345.3911111
476.651	347.9911111
477.088	354.4922222
477.526	354.2322222
477.964	349.8111111
478.401	353.1922222
478.838	347.2111111
479.276	347.7311111
479.713	347.9911111
480.15	347.7311111
480.588	348.2511111
481.025	351.8922222
481.462	362.0344444
481.899	364.8944444
482.336	367.7544444
482.773	365.9344444
483.21	365.6744444
483.647	363.0744444
484.084	362.5544444
484.521	358.9133333
484.957	357.6133333
485.394	358.1333333
485.831	361.5144444
486.267	358.6544444
486.704	372.9577778
487.14	371.9177778
487.577	376.3388889
488.013	375.2988889
488.45	373.7388889
488.886	368.7977778
489.322	362.0366667
489.758	363.5966667
490.195	360.4755556
490.631	352.9333333
491.067	359.6944444
491.503	353.7122222
491.939	363.3344444
492.375	370.0966667
492.81	371.1366667
493.246	377.1177778
493.682	369.5766667
494.118	371.9177778
494.553	368.5366667
494.989	360.2155556
495.424	351.6344444
495.86	341.2322222
496.295	336.8111111
496.731	344.8733333
497.166	340.7122222
497.602	342.5322222
498.037	340.9711111
498.472	352.4144444
498.907	357.0955556
499.342	370.6177778
499.777	369.8377778
500.212	368.5366667
500.647	364.3755556
501.082	363.5955556
501.517	369.3166667
501.952	364.1155556
502.387	361.2544444
502.821	359.1733333
503.256	350.0711111
503.69	350.3311111
504.125	354.4922222
504.56	355.7922222
504.994	364.1144444
505.428	360.2144444
505.863	367.7566667
506.297	364.1166667
506.731	362.0366667
507.165	370.8788889
507.6	381.0211111
508.034	377.9011111
508.468	372.44
508.902	374
509.336	376.34
509.77	372.9588889
510.203	375.0388889
510.637	378.68
511.071	373.7388889
511.505	366.4566667
511.938	370.6166667
512.372	374.2577778
512.805	360.4744444
513.239	360.4744444
513.672	366.7155556
514.106	366.1955556
514.539	364.8944444
514.972	367.2355556
515.406	363.0744444
515.839	358.3933333
516.272	353.9722222
516.705	356.3133333
517.138	358.1333333
517.571	346.6911111
518.004	341.23
518.437	339.93
518.87	332.9077778
519.302	338.11
519.735	336.55
520.168	342.0111111
520.6	340.97
521.033	337.85
521.466	349.8122222
521.898	359.4344444
522.33	361.2544444
522.763	374.7777778
523.195	375.2977778
523.627	378.1588889
524.06	374.7777778
524.492	380.76
524.924	381.28
525.356	382.5811111
525.788	374.2588889
526.22	373.4788889
526.652	363.3366667
527.084	362.5566667
527.516	367.7577778
527.947	374
528.379	375.82
528.811	379.7211111
529.242	375.82
529.674	377.38
530.105	379.4611111
530.537	375.82
530.968	373.9988889
531.399	368.5377778
531.831	364.6366667
532.262	367.2366667
532.693	357.6144444
533.124	356.0544444
533.555	355.7944444
533.986	352.9333333
534.417	365.1566667
534.848	360.4755556
535.279	361.7755556
535.71	356.8344444
536.141	345.9122222
536.572	349.8133333
537.002	352.6733333
537.433	360.2155556
537.863	359.6955556
538.294	352.6733333
538.724	355.0144444
539.155	355.7944444
539.585	351.8933333
540.015	361.5155556
540.446	361.7755556
540.876	362.0355556
541.306	360.2144444
541.736	357.3533333
542.166	355.7933333
542.596	364.3744444
543.026	364.1144444
543.456	379.7177778
543.886	374.2566667
544.316	380.7577778
544.745	380.2377778
545.175	369.3155556
545.605	371.3966667
546.034	374.5177778
546.464	371.9177778
546.893	370.0977778
547.323	362.0366667
547.752	370.3588889
548.181	366.1977778
548.611	359.1766667
549.04	358.1366667
549.469	363.8577778
549.898	365.9377778
550.327	370.0988889
550.756	368.0177778
551.185	370.0977778
551.614	370.3577778
552.043	369.3177778
552.472	373.9988889
552.9	377.64
553.329	374.5188889
553.758	367.2377778
554.186	356.3144444
554.615	360.7355556
555.043	361.5155556
555.472	353.7133333
555.9	349.5522222
556.328	351.3722222
556.757	361.5144444
557.185	363.0755556
557.613	368.5366667
558.041	375.8188889
558.469	379.98
558.897	375.2988889
559.325	381.28
559.753	382.32
560.181	384.92
560.609	376.5977778
561.037	377.8977778
561.464	377.8977778
561.892	377.3777778
562.319	365.6755556
562.747	368.7966667
563.175	365.1566667
563.602	370.3577778
564.029	371.1388889
564.457	383.8822222
564.884	391.1633333
565.311	397.6644444
565.738	399.7444444
566.165	413.5266667
566.592	425.4888889
567.019	434.8511111
567.446	436.6722222
567.873	440.3122222
568.3	440.5722222
568.727	439.2722222
569.154	444.4733333
569.58	449.6744444
570.007	453.0555556
570.434	446.0344444
570.86	451.7555556
571.287	455.3955556
571.713	462.1577778
572.139	460.0766667
572.566	464.2377778
572.992	466.0577778
573.418	466.3177778
573.844	465.5377778
574.27	469.6988889
574.696	476.98
575.122	488.6833333
575.548	491.0233333
575.974	497.5255556
576.4	512.0888889
576.826	516.77
577.252	531.3333333
577.677	550.8377778
578.103	564.36
578.528	566.9611111
578.954	578.6633333
579.379	589.0655556
579.805	602.3277778
580.23	610.13
580.655	623.9133333
581.081	628.8544444
581.506	640.8166667
581.931	660.0611111
582.356	671.7633333
582.781	677.7444444
583.206	707.6522222
583.631	731.3177778
584.056	747.7011111
584.481	773.1877778
584.905	800.4944444
585.33	822.08
585.755	830.1422222
586.179	867.3311111
586.604	900.3588889
587.028	921.4233333
587.453	948.99
587.877	984.8777778
588.302	1010.883333
588.726	1043.131111
589.15	1069.916667
589.574	1118.027778
589.998	1147.934444
590.422	1196.305556
590.846	1235.834444
591.27	1274.063333
591.694	1319.314444
592.118	1371.586667
592.542	1429.06
592.966	1487.834444
593.389	1541.926667
593.813	1594.718889
594.236	1641.53
594.66	1695.102222
595.083	1762.457778
595.507	1822.271111
595.93	1903.408889
596.354	1973.624444
596.777	2060.223333
597.2	2157.225556
597.623	2250.586667
598.046	2346.808889
598.469	2453.173333
598.892	2561.097778
599.315	2667.462222
599.738	2785.79
600.161	2914.52
600.584	3045.07
601.006	3175.1
601.429	3328.795556
601.851	3482.75
602.274	3646.067778
602.696	3809.645556
603.119	4008.331111
603.541	4205.455556
603.964	4411.942222
604.386	4628.832222
604.808	4854.043333
605.23	5117.743333
605.652	5390.546667
606.074	5683.633333
606.496	6001.165556
606.918	6297.893333
607.34	6622.707778
607.762	6994.593333
608.184	7335.271111
608.606	7731.862222
609.027	8117.791111
609.449	8519.322222
609.87	8922.154444
610.292	9370.756667
610.713	9865.91
611.135	10369.90556
611.556	10869.22
611.977	11404.94222
612.398	11967.71111
612.82	12526.83889
613.241	13155.40333
613.662	13815.43444
614.083	14503.03222
614.504	15189.58889
614.925	15921.13667
615.345	16623.03667
615.766	17394.11333
616.187	18144.12444
616.608	18935.74556
617.028	19718.26444
617.449	20541.35333
617.869	21370.42333
618.29	22248.90444
618.71	23090.97667
619.131	23998.06444
619.551	24922.57667
619.971	25902.48111
620.391	26897.72889
620.811	27915.86222
621.231	28925.93333
621.651	29907.39778
622.071	30961.68
622.491	32031.82556
622.911	33149.56111
623.331	34266.25667
623.751	35408.69889
624.17	36603.67222
624.59	37762.23667
625.009	38944.20667
625.429	40161.54556
625.848	41254.05556
626.268	42362.94889
626.687	43336.87222
627.106	44246.04
627.526	44985.38889
627.945	45575.46444
628.364	46025.88778
628.783	46258.12111
629.202	46311.69333
629.621	46152.27667
630.04	45740.34222
630.459	45124.52111
630.878	44179.20444
631.296	43034.16222
631.715	41647.78444
632.134	40066.62222
632.552	38325.26333
632.971	36357.13222
633.389	34312.28444
633.807	32151.45
634.226	29977.87222
634.644	27838.62333
635.062	25727.98
635.48	23691.45444
635.899	21727.48556
636.317	19875.60222
636.735	18171.43222
637.153	16586.62889
637.57	15149.02
637.988	13816.47556
638.406	12644.38667
638.824	11559.15889
639.241	10579.51444
639.659	9719.757778
640.077	8932.817778
640.494	8227.796667
640.912	7555.543333
641.329	6951.425556
641.746	6434.166667
642.164	5928.351111
642.581	5481.308889
642.998	5068.594444
643.415	4668.622222
643.832	4287.634444
644.249	3950.857778
644.666	3664.012222
645.083	3390.948889
645.5	3116.586667
645.916	2886.174444
646.333	2671.364444
646.75	2457.335556
647.166	2276.594444
647.583	2121.858889
647.999	1960.882222
648.416	1813.947778
648.832	1700.302222
649.249	1589.256667
649.665	1490.433333
650.081	1399.153333
650.497	1322.955556
650.913	1253.26
651.329	1183.564444
651.745	1137.273333
652.161	1093.063333
652.577	1030.908889
652.993	984.6177778
653.409	940.9277778
653.824	899.0577778
654.24	863.95
654.655	828.0611111
655.071	801.7944444
655.486	768.5066667
655.902	742.5011111
656.317	730.7988889
656.732	705.0533333
657.148	680.0877778
657.563	669.6855556
657.978	654.0822222
658.393	640.04
658.808	630.4177778
659.223	606.4922222
659.638	587.2477778
660.053	571.6433333
660.467	561.5011111
660.882	550.8388889
661.297	535.7555556
661.711	523.5322222
662.126	508.9688889
662.54	499.0866667
662.955	502.2077778
663.369	492.5855556
663.784	479.5833333
664.198	465.02
664.612	458.5188889
665.026	447.5955556
665.44	436.1533333
665.854	427.5711111
666.268	410.9277778
666.682	392.4633333
667.096	392.2033333
667.51	391.6833333
667.924	392.9833333
668.337	395.0633333
668.751	399.2244444
669.164	396.3633333
669.578	399.2233333
669.991	408.8455556
670.405	412.4866667
670.818	407.2855556
671.231	401.3033333
671.645	403.3844444
672.058	402.0844444
672.471	391.9422222
672.884	388.8211111
673.297	384.6611111
673.71	375.8188889
674.123	376.8588889
674.536	376.8588889
674.948	382.06
675.361	379.4588889
675.774	368.2755556
676.186	372.4366667
676.599	377.1177778
677.011	380.7577778
677.424	384.6588889
677.836	381.0177778
678.248	384.1377778
678.661	377.6366667
679.073	377.3766667
679.485	386.4788889
679.897	382.0577778
680.309	384.6588889
680.721	386.22
681.133	389.0811111
681.545	392.2022222
681.957	383.8811111
682.368	377.9
682.78	375.0388889
683.192	377.12
683.603	379.2011111
684.015	372.44
684.426	367.7588889
684.837	359.6966667
685.249	355.5355556
685.66	364.8977778
686.071	370.3588889
686.482	369.0588889
686.893	359.6966667
687.304	361.2566667
687.715	362.8166667
688.126	356.8344444
688.537	363.8555556
688.948	362.8155556
689.359	362.5555556
689.769	359.1744444
690.18	362.2955556
690.591	365.9366667
691.001	363.3355556
691.411	363.3355556
691.822	363.5955556
692.232	359.4355556
692.642	364.3766667
693.053	356.3144444
693.463	356.8344444
693.873	356.5744444
694.283	355.0133333
694.693	352.4133333
695.103	351.8933333
695.513	350.5933333
695.922	350.5933333
696.332	339.4111111
696.742	343.3122222
697.151	337.8511111
697.561	331.3488889
697.97	340.1911111
698.38	348.5133333
698.789	356.3144444
699.199	363.5966667
699.608	363.3355556
700.017	373.4777778
700.426	376.5977778
700.835	386.22
701.244	397.1433333
701.653	389.0811111
702.062	382.3188889
702.471	369.3166667
702.88	368.2755556
703.289	369.5766667
703.697	372.6966667
704.106	367.2355556
704.514	360.7344444
704.923	352.9322222
705.331	352.1522222
705.74	353.7133333
706.148	356.0533333
706.556	351.3722222
706.965	345.9111111
707.373	343.0511111
707.781	336.55
708.189	333.9488889
708.597	331.0877778
709.005	333.9488889
709.413	328.7466667
709.82	332.3877778
710.228	336.8088889
710.636	335.5077778
711.043	333.6866667
711.451	345.1288889
711.858	353.7111111
712.266	358.1322222
712.673	350.33
713.081	356.3122222
713.488	348.51
713.895	341.7488889
714.302	352.1511111
714.709	350.8511111
715.116	347.4711111
715.523	345.1311111
715.93	345.9122222
716.337	352.1533333
716.744	352.4133333
717.15	360.4755556
717.557	365.1566667
717.964	363.5966667
718.37	363.0766667
718.777	359.6955556
719.183	357.6144444
719.589	358.9144444
719.996	354.4944444
720.402	352.1533333
720.808	352.1533333
721.214	353.7133333
721.62	344.8711111
722.026	341.23
722.432	339.93
722.838	336.81
723.244	339.15
723.65	343.57
724.055	343.31
724.461	339.4088889
724.867	336.8088889
725.272	337.5888889
725.678	347.4711111
726.083	365.1544444
726.488	366.7144444
726.894	361.7733333
727.299	357.8733333
727.704	362.8144444
728.109	362.2944444
728.514	370.3555556
728.919	371.3966667
729.324	366.4555556
729.729	352.6722222
730.134	354.4922222
730.538	359.4333333
730.943	362.0333333
731.348	361.7733333
731.752	356.0522222
732.157	357.8733333
732.561	361.5133333
732.966	363.8544444
733.37	363.3344444
733.774	358.3933333
734.178	354.7533333
734.582	354.4933333
734.987	345.6511111
735.391	355.7933333
735.795	351.3722222
736.198	350.5922222
736.602	342.01
737.006	343.8311111
737.41	341.7511111
737.813	335.2488889
738.217	338.11
738.621	341.7511111
739.024	336.29
739.427	332.6488889
739.831	336.55
740.234	344.3522222
740.637	337.33
741.04	347.4722222
741.444	346.6922222
741.847	347.4722222
742.25	356.5744444
742.652	358.3944444
743.055	357.6144444
743.458	352.1533333
743.861	343.0511111
744.264	346.9522222
744.666	345.9122222
745.069	347.2122222
745.471	342.0111111
745.874	333.6888889
746.276	330.3077778
746.678	324.5866667
747.081	332.3888889
747.483	344.3511111
747.885	351.6333333
748.287	357.0944444
748.689	363.0766667
749.091	363.8566667
749.493	363.5966667
749.895	367.7577778
750.296	374.2588889
750.698	364.8966667
751.1	362.8166667
751.501	361.2555556
751.903	351.8933333
752.304	349.2922222
752.706	356.5733333
753.107	358.6544444
753.508	352.1533333
753.909	352.1533333
754.311	361.2555556
754.712	359.1744444
755.113	359.6944444
755.514	363.3355556
755.915	370.0966667
756.315	368.2766667
756.716	364.6355556
757.117	376.3377778
757.518	379.7188889
757.918	371.1366667
758.319	371.6566667
758.719	357.8733333
759.12	358.9133333
759.52	357.0933333
759.92	357.0933333
760.321	358.9133333
760.721	351.6322222
761.121	349.0311111
761.521	356.8322222
761.921	357.8733333
762.321	359.6944444
762.721	349.2922222
763.12	351.6322222
763.52	347.2111111
763.92	352.9322222
764.319	359.9533333
764.719	358.3933333
765.118	349.8122222
765.518	347.7311111
765.917	357.3533333
766.317	365.1544444
766.716	357.6133333
767.115	352.1522222
767.514	341.23
767.913	334.2088889
768.312	339.15
768.711	343.05
769.11	341.23
769.509	336.2888889
769.907	335.7688889
770.306	342.79
770.705	355.2733333
771.103	358.1344444
771.502	359.6944444
771.9	353.7133333
772.299	359.4355556
772.697	367.2366667
773.095	366.7166667
773.493	356.0544444
773.891	346.9522222
774.29	341.4911111
774.688	341.7511111
775.085	343.5722222
775.483	347.4733333
775.881	345.3922222
776.279	344.3522222
776.677	337.59
777.074	354.2344444
777.472	361.7766667
777.869	359.1755556
778.267	364.8966667
778.664	363.5955556
779.061	365.1555556
779.459	363.3355556
779.856	359.9555556
780.253	362.2966667
780.65	351.1133333
781.047	345.6522222
781.444	352.9333333
781.841	355.7944444
782.238	355.5344444
782.634	356.8344444
783.031	349.8122222
783.428	351.3722222
783.824	357.6133333
784.221	365.4155556
784.617	366.1955556
785.014	364.3755556
785.41	357.3533333
785.806	358.3944444
786.202	357.0944444
786.598	361.2555556
786.994	354.4933333
787.39	357.6144444
787.786	360.7344444
788.182	366.7155556
788.578	366.7155556
788.974	367.4955556
789.369	372.1755556
789.765	371.1355556
790.161	363.5944444
790.556	368.2755556
790.952	365.6744444
791.347	361.2544444
791.742	357.6144444
792.137	354.7544444
792.533	352.4144444
792.928	349.5544444
793.323	353.9755556
793.718	363.0777778
794.113	363.3388889
794.508	357.3577778
794.902	363.0788889
795.297	355.5366667
795.692	352.9355556
796.086	359.4366667
796.481	359.4366667
796.875	353.4544444
797.27	348.2522222
797.664	349.5522222
798.058	356.5733333
798.453	351.3722222
798.847	359.1744444
799.241	360.2144444
799.635	358.6544444
800.029	356.5733333
800.423	356.5733333
800.817	360.9944444
801.21	352.6722222
801.604	347.2111111
801.998	351.3722222
802.391	351.8922222
802.785	353.4533333
803.178	348.7722222
803.572	352.1533333
803.965	351.6333333
804.358	352.9344444
804.752	358.9155556
805.145	371.1388889
805.538	365.1566667
805.931	363.8555556
806.324	360.9944444
806.717	355.7933333
807.11	343.3111111
807.502	350.8533333
807.895	347.9922222
808.288	354.7544444
808.68	352.1533333
809.073	353.1944444
809.465	354.4955556
809.858	362.8177778
810.25	365.6777778
810.642	373.2188889
811.034	370.6177778
811.426	370.3577778
811.818	366.7166667
812.21	364.8966667
812.602	360.7355556
812.994	356.8344444
813.386	347.9922222
813.778	347.2122222
814.169	349.2933333
814.561	344.6122222
814.953	352.9344444
815.344	352.6744444
815.736	341.4922222
816.127	350.3333333
816.518	350.0733333
816.909	355.7944444
817.301	359.1755556
817.692	360.9955556
818.083	358.1355556
818.474	357.6155556
818.865	363.0766667
819.255	373.9988889
819.646	373.4788889
820.037	378.16
820.428	379.46
820.818	379.72
821.209	369.5777778
821.599	373.9988889
821.99	373.7388889
822.38	359.9555556
822.77	362.2955556
823.16	357.0944444
823.55	353.7133333
823.94	351.3733333
824.33	364.1166667
824.72	369.8377778
825.11	364.1155556
825.5	360.7344444
825.89	370.3566667
826.28	364.1155556
826.669	369.0566667
827.059	367.2366667
827.448	362.5555556
827.838	349.2922222
828.227	352.4133333
828.616	356.8344444
829.005	356.0544444
829.395	341.7511111
829.784	344.0922222
830.173	338.8911111
830.562	342.0111111
830.951	341.4911111
831.339	343.0511111
831.728	342.2711111
832.117	342.2711111
832.506	338.63
832.894	343.5711111
833.283	343.8311111
833.671	340.4511111
834.059	342.5322222
834.448	345.3922222
834.836	352.1544444
835.224	348.5133333
835.612	345.3933333
836	347.9933333
836.388	352.1544444
836.776	356.5744444
837.164	362.5555556
837.552	365.1555556
837.94	364.3755556
838.327	357.6133333
838.715	356.8333333
839.103	364.8944444
839.49	355.2722222
839.877	355.7922222
840.265	345.13
840.652	344.61
841.039	337.3288889
841.426	337.8488889
841.813	342.27
842.2	345.65
842.587	346.9511111
842.974	361.5144444
843.361	361.2544444
843.748	372.1777778
844.134	365.6755556
844.521	368.7966667
844.908	362.0355556
845.294	357.0944444
845.681	353.1933333
846.067	338.11
846.453	339.6711111
846.839	338.3711111
847.226	329.2688889
847.612	337.5911111
847.998	343.5722222
848.384	354.2344444
848.77	354.7544444
849.155	357.0955556
849.541	365.9366667
849.927	359.9555556
850.312	359.6955556
850.698	362.5555556
851.084	356.0544444
851.469	349.5522222
851.854	343.3111111
852.24	349.2922222
852.625	346.4311111
853.01	346.6911111
853.395	338.3688889
853.78	339.9288889
854.165	341.75
854.55	347.9911111
854.935	350.3322222
855.32	354.4933333
855.704	344.8711111
856.089	343.3111111
856.474	347.9922222
856.858	361.5155556
857.243	360.9955556
857.627	358.9144444
858.011	356.5744444
858.396	354.7544444
858.78	351.6333333
859.164	359.1755556
859.548	363.8566667
859.932	363.3366667
860.316	357.3544444
860.7	356.3144444
861.083	359.4355556
861.467	360.2155556
861.851	352.6733333
862.234	356.5744444
862.618	352.9333333
863.001	357.0944444
863.385	349.5533333
863.768	340.4522222
864.151	346.4333333
864.534	340.9722222
864.918	338.3711111
865.301	344.3522222
865.684	338.11
866.066	340.7111111
866.449	337.33
866.832	337.07
867.215	353.7133333
867.597	351.6333333
867.98	354.4933333
868.363	350.8522222
868.745	350.3322222
869.127	349.8122222
869.51	346.1711111
869.892	352.4122222
870.274	358.3933333
870.656	350.3311111
871.038	352.6711111
871.42	348.25
871.802	356.5722222
872.184	354.2322222
872.566	351.8922222
872.948	358.1333333
873.329	351.6322222
873.711	348.5111111
874.092	339.93
874.474	337.85
874.855	336.81
875.236	328.2277778
875.618	329.7877778
875.999	342.5311111
876.38	343.5722222
876.761	344.0922222
877.142	344.6122222
877.523	357.3544444
877.904	355.2733333
878.285	360.9944444
878.665	364.3755556
879.046	364.1155556
879.426	358.6533333
879.807	356.5722222
880.187	357.8733333
880.568	359.4344444
880.948	350.5922222
881.328	352.6733333
881.708	351.6333333
882.089	351.3733333
882.469	353.1933333
882.849	356.0544444
883.228	360.2155556
883.608	360.7355556
883.988	370.6177778
884.368	378.16
884.747	378.94
885.127	382.0611111
885.506	385.9622222
885.886	385.1822222
886.265	384.6622222
886.645	379.4611111
887.024	377.9
887.403	370.3577778
887.782	371.6577778
888.161	365.6766667
888.54	363.0755556
888.919	360.2144444
889.298	365.9355556
889.676	359.9544444
890.055	345.9111111
890.434	342.5311111
890.812	340.1911111
891.191	332.65
891.569	329.2688889
891.948	327.9688889
892.326	327.1888889
892.704	322.2477778
893.082	327.1888889
893.46	337.0711111
893.838	339.6711111
894.216	339.1511111
894.594	341.7511111
894.972	353.9733333
895.35	358.3944444
895.727	363.8555556
896.105	365.1566667
896.482	361.2555556
896.86	355.2744444
897.237	355.2744444
897.615	354.4933333
897.992	362.5555556
898.369	359.1755556
898.746	354.7544444
899.123	352.6744444
899.5	357.0944444
899.877	354.4933333
900.254	364.3755556
900.631	370.0966667
901.007	360.7344444
901.384	346.6911111
901.761	341.23
902.137	339.93
902.514	340.19
902.89	337.07
903.266	340.4511111
903.642	334.99
904.019	330.5688889
904.395	337.8511111
904.771	341.4922222
905.147	339.4111111
905.523	344.8722222
905.898	338.63
906.274	343.3111111
906.65	342.0111111
907.026	341.4911111
907.401	341.7511111
907.777	341.7511111
908.152	344.6111111
908.527	342.0111111
908.903	335.5088889
909.278	340.19
909.653	339.15
910.028	339.41
910.403	339.67
910.778	338.89
911.153	342.7911111
911.528	346.4322222
911.902	356.3144444
912.277	359.1755556
912.652	355.7955556
913.026	345.1322222
913.4	350.0733333
913.775	357.0944444
914.149	355.5344444
914.523	350.8533333
914.898	348.2522222
915.272	339.41
915.646	334.9888889
916.02	335.2488889
916.394	340.71
916.767	339.41
917.141	334.4688889
917.515	340.97
917.888	350.8522222
918.262	352.4133333
918.635	365.6766667
919.009	369.0577778
919.382	375.8188889
919.756	376.6
920.129	382.5811111
920.502	381.0211111
920.875	375.04
921.248	371.1388889
921.621	374.2588889
921.994	366.4566667
922.366	360.9955556
922.739	352.9344444
923.112	352.1533333
923.484	340.71
923.857	350.3322222
924.229	351.1122222
924.602	347.7311111
924.974	345.6511111
925.346	351.3722222
925.718	360.7344444
926.091	364.1144444
926.463	363.8544444
926.835	363.8544444
927.206	360.4733333
927.578	360.4733333
927.95	359.4333333
928.322	353.7122222
928.693	340.1888889
929.065	334.4666667
929.436	329.7855556
929.808	331.3466667
930.179	339.9288889
930.55	335.7677778
930.921	339.1488889
931.293	342.53
931.664	340.7088889
932.035	346.4311111
932.406	350.0722222
932.776	353.4533333
933.147	347.4711111
933.518	346.1711111
933.888	346.9511111
934.259	343.05
934.63	341.75
935	343.8311111
935.37	355.2733333
935.741	355.0133333
936.111	351.8922222
936.481	359.4344444
936.851	356.3133333
937.221	356.8333333
937.591	353.7122222
937.961	350.0711111
938.331	355.0122222
938.7	350.3311111
939.07	343.31
939.44	351.1122222
939.809	342.53
940.178	337.5888889
940.548	337.3288889
940.917	338.37
941.286	333.4288889
941.656	332.6488889
942.025	327.4477778
942.394	335.7688889
942.763	338.3688889
943.131	341.75
943.5	337.3288889
943.869	332.6477778
944.238	338.8888889
944.606	343.83
944.975	340.9688889
945.343	340.4488889
945.712	334.4677778
946.08	328.7466667
946.448	332.1277778
946.816	343.0511111
947.184	343.8322222
947.552	335.25
947.92	334.99
948.288	332.91
948.656	335.77
949.024	335.51
949.392	340.1911111
949.759	339.6711111
950.127	335.51
950.494	335.77
950.862	346.4322222
951.229	346.1722222
951.596	344.8711111
951.963	347.9922222
952.33	355.5344444
952.697	346.6922222
953.064	344.8711111
953.431	347.4711111
953.798	348.5111111
954.165	347.7311111
954.532	350.0711111
954.898	352.4122222
955.265	352.1522222
955.631	347.9911111
955.998	346.6911111
956.364	337.0688889
956.73	335.5088889
957.096	338.1088889
957.463	333.4277778
957.829	331.6077778
958.195	329.7877778
958.56	327.9677778
958.926	334.9888889
959.292	346.6922222
959.658	355.5344444
960.023	348.5133333
960.389	349.5544444
960.754	348.2544444
961.12	347.4744444
961.485	350.8544444
961.85	354.4944444
962.216	345.1322222
962.581	339.15
962.946	338.89
963.311	347.7311111
963.676	347.4711111
964.041	345.9111111
964.405	343.31
964.77	340.71
965.135	337.33
965.499	338.1111111
965.864	339.4122222
966.228	344.8733333
966.592	350.3344444
966.957	340.4522222
967.321	340.4522222
967.685	339.1522222
968.049	344.8733333
968.413	348.7733333
968.777	356.3144444
969.141	358.9144444
969.504	350.3322222
969.868	346.4322222
970.232	353.9733333
970.595	361.2544444
970.959	368.7955556
971.322	368.2755556
971.686	362.5544444
972.049	363.8544444
972.412	363.8544444
972.775	369.3155556
973.138	374.7766667
973.501	375.5566667
973.864	379.4577778
974.227	379.4577778
974.59	365.4144444
974.952	363.0744444
975.315	361.2544444
975.677	355.0133333
976.04	359.1744444
976.402	349.5522222
976.765	349.0322222
977.127	330.3077778
977.489	327.7077778
977.851	336.03
978.213	336.29
978.575	330.8288889
978.937	327.1877778
979.299	318.6066667
979.661	312.8855556
980.022	316.0066667
980.384	324.8488889
980.745	325.6288889
981.107	330.83
981.468	332.13
981.83	327.9688889
982.191	332.91
982.552	333.17
982.913	334.21
983.274	333.95
983.635	332.39
983.996	334.21
984.357	328.4877778
984.718	326.9277778
985.078	334.21
985.439	330.8288889
985.799	330.3077778
986.16	335.2488889
986.52	338.1088889
986.88	343.83
987.241	345.9111111
987.601	352.4133333
987.961	351.8933333
988.321	348.5122222
988.681	351.8933333
989.041	350.8533333
989.4	350.0733333
989.76	351.3744444
990.12	341.7522222
990.479	337.0711111
990.839	340.1911111
991.198	351.1133333
991.558	352.4133333
991.917	353.1933333
992.276	361.7755556
992.635	356.5744444
992.994	348.5122222
993.353	356.0533333
993.712	359.1744444
994.071	355.2744444
994.43	345.3922222
994.789	349.5533333
995.147	351.8944444
995.506	340.4522222
995.864	351.8944444
996.223	350.0744444
996.581	347.4744444
996.939	340.7122222
997.297	336.0311111
997.656	339.6722222
998.014	339.4122222
998.372	338.6322222
998.729	342.5322222
999.087	340.1922222
999.445	346.6933333
999.803	351.1144444
1000.16	352.4144444
1000.518	349.5533333
1000.875	340.1911111
1001.233	334.99
1001.59	328.7477778
1001.947	339.1511111
1002.304	342.5311111
1002.661	337.33
1003.018	335.2488889
1003.375	338.89
1003.732	343.0511111
1004.089	344.6111111
1004.446	344.0911111
1004.802	345.6522222
1005.159	337.07
1005.516	334.99
1005.872	334.73
1006.228	336.5511111
1006.585	340.4522222
1006.941	340.9722222
1007.297	342.5322222
1007.653	343.0522222
1008.009	347.2133333
1008.365	341.4922222
1008.721	345.3933333
1009.076	342.5322222
1009.432	339.1511111
1009.788	338.1111111
1010.143	334.21
1010.499	339.4111111
1010.854	338.3711111
1011.21	338.11
1011.565	343.3111111
1011.92	336.5488889
1012.275	343.8311111
1012.63	348.5122222
1012.985	346.1711111
1013.34	350.8522222
1013.695	349.5522222
1014.049	356.8333333
1014.404	357.6144444
1014.759	357.3544444
1015.113	359.1755556
1015.468	355.2744444
1015.822	349.5533333
1016.176	350.5933333
1016.53	349.8133333
1016.885	349.5533333
1017.239	344.0922222
1017.593	342.2711111
1017.947	342.2711111
1018.3	342.5311111
1018.654	341.4911111
1019.008	344.0911111
1019.362	340.9711111
1019.715	341.4911111
1020.069	344.3522222
1020.422	347.9933333
1020.775	345.6533333
1021.128	353.4544444
1021.482	348.5133333
1021.835	348.2533333
1022.188	347.4733333
1022.541	345.3922222
1022.894	340.9711111
1023.246	340.4511111
1023.599	336.55
1023.952	331.0888889
1024.304	327.9688889
1024.657	339.6711111
1025.009	340.4511111
1025.362	347.2133333
1025.714	352.1544444
1026.066	350.5944444
1026.418	350.3344444
1026.77	350.8544444
1027.122	365.6777778
1027.474	369.3177778
1027.826	366.4566667
1028.178	371.1377778
1028.529	364.6355556
1028.881	360.7355556
1029.233	364.1166667
1029.584	366.7166667
1029.935	374.7788889
1030.287	364.6366667
1030.638	358.3955556
1030.989	351.8944444
1031.34	354.2344444
1031.691	353.1944444
1032.042	358.9155556
1032.393	360.4755556
1032.744	357.8755556
1033.095	355.2744444
1033.445	362.8155556
1033.796	367.7566667
1034.146	370.975
1034.497	368.0914286
1034.847	372.8283333
1035.197	372.906
