wl	RGBW
187.275	-53.156
187.74	-62.36333333
188.205	-66.59857143
188.671	-60.70625
189.136	-59.24333333
189.601	-58.46333333
190.066	-59.24444444
190.532	-58.20444444
190.997	-53.78333333
191.462	-50.92333333
191.927	-37.66
192.392	-19.71666667
192.857	-12.95444444
193.322	0.308888889
193.786	21.63333333
194.251	33.85666667
194.716	47.64
195.181	57.78222222
195.646	71.56555556
196.11	88.47
196.575	111.8755556
197.04	144.1222222
197.504	167.7866667
197.969	184.4311111
198.433	214.3377778
198.898	239.0433333
199.362	266.09
199.826	295.7366667
200.291	315.5011111
200.755	325.6433333
201.219	328.7644444
201.684	337.6066667
202.148	343.0677778
202.612	350.35
203.076	361.5322222
203.54	364.6522222
204.004	367.5133333
204.468	376.6155556
204.932	386.4977778
205.396	392.9988889
205.86	392.9988889
206.324	400.8
206.788	394.2977778
207.251	391.9577778
207.715	395.5988889
208.179	392.9977778
208.642	387.0155556
209.106	380.7744444
209.57	383.8955556
210.033	390.3977778
210.497	388.5777778
210.96	390.3988889
211.424	391.9588889
211.887	391.4388889
212.35	386.2377778
212.814	389.3588889
213.277	388.0588889
213.74	379.9966667
214.203	377.6555556
214.667	377.6555556
215.13	377.1355556
215.593	375.0544444
216.056	375.3144444
216.519	386.7566667
216.982	384.6766667
217.445	384.9366667
217.908	380.7766667
218.37	377.3955556
218.833	368.5533333
219.296	373.2333333
219.759	375.8344444
220.221	372.1933333
220.684	367.2522222
221.147	372.1933333
221.609	369.3322222
222.072	372.1922222
222.534	369.3322222
222.997	376.0933333
223.459	377.3944444
223.922	368.8122222
224.384	368.0322222
224.846	370.8933333
225.309	366.4722222
225.771	367.7733333
226.233	365.9533333
226.695	367.5133333
227.157	366.4733333
227.619	361.7922222
228.081	368.0333333
228.543	368.2933333
229.005	370.1133333
229.467	367.5122222
229.929	359.97
230.391	362.05
230.853	357.6288889
231.315	357.3688889
231.776	357.6288889
232.238	361.27
232.7	366.4711111
233.161	358.93
233.623	356.85
234.084	357.89
234.546	364.9122222
235.007	366.4733333
235.469	365.9533333
235.93	370.1144444
236.391	374.7955556
236.853	375.5755556
237.314	377.9155556
237.775	384.4166667
238.236	392.2188889
238.697	379.9955556
239.159	384.9366667
239.62	384.4166667
240.081	384.9366667
240.542	375.8344444
241.003	375.5744444
241.463	375.5744444
241.924	368.0322222
242.385	368.2922222
242.846	375.8344444
243.307	374.7933333
243.767	378.4344444
244.228	382.5955556
244.689	387.2766667
245.149	381.5555556
245.61	383.1166667
246.07	388.0577778
246.531	392.2188889
246.991	389.8777778
247.451	384.9366667
247.912	386.7566667
248.372	376.0933333
248.832	371.4122222
249.293	372.4522222
249.753	374.5322222
250.213	372.1922222
250.673	359.1888889
251.133	359.9688889
251.593	364.65
252.053	362.05
252.513	361.01
252.973	355.0288889
253.433	356.33
253.893	344.1077778
254.352	348.5288889
254.812	355.29
255.272	361.5322222
255.732	358.9322222
256.191	358.6722222
256.651	361.2733333
257.11	366.7344444
257.57	370.3744444
258.029	379.4755556
258.489	380.5155556
258.948	376.6155556
259.407	371.6744444
259.867	370.3733333
260.326	373.2333333
260.785	382.0755556
261.244	391.1777778
261.703	387.2777778
262.163	384.1577778
262.622	377.1366667
263.081	390.3988889
263.54	394.2988889
263.999	401.3211111
264.457	399.2411111
264.916	393.7788889
265.375	389.8777778
265.834	395.8588889
266.293	411.7222222
266.751	422.6444444
267.21	418.2244444
267.669	414.3244444
268.127	415.1044444
268.586	410.1633333
269.044	405.7433333
269.503	407.8244444
269.961	404.4433333
270.419	391.96
270.878	383.8977778
271.336	382.3366667
271.794	387.5377778
272.252	384.9377778
272.711	390.1388889
273.169	393.2588889
273.627	395.0788889
274.085	391.9577778
274.543	393.7788889
275.001	397.94
275.459	388.5777778
275.917	387.2766667
276.374	385.1955556
276.832	385.4555556
277.29	387.0166667
277.748	383.8955556
278.205	378.4344444
278.663	381.0344444
279.121	381.5544444
279.578	388.0566667
280.036	382.3355556
280.493	390.9177778
280.951	385.4566667
281.408	384.1555556
281.865	378.9544444
282.323	386.4966667
282.78	379.7355556
283.237	375.5744444
283.694	382.5955556
284.151	383.6355556
284.609	383.8955556
285.066	384.6755556
285.523	381.5555556
285.98	380.5155556
286.437	378.4344444
286.893	383.3755556
287.35	386.2366667
287.807	382.0755556
288.264	386.7566667
288.721	387.7966667
289.177	397.6788889
289.634	395.0777778
290.09	402.36
290.547	404.1811111
291.004	404.1811111
291.46	406.5211111
291.916	410.9422222
292.373	410.4222222
292.829	400.28
293.286	396.1188889
293.742	410.1622222
294.198	408.6011111
294.654	410.9411111
295.11	412.5011111
295.566	407.3
296.022	396.1177778
296.478	395.3377778
296.934	405.48
297.39	406.26
297.846	405.22
298.302	397.1588889
298.758	401.58
299.214	405.2211111
299.669	405.2211111
300.125	412.5022222
300.581	413.8022222
301.036	404.96
301.492	398.9788889
301.947	396.3777778
302.403	407.3
302.858	398.9777778
303.314	390.9155556
303.769	392.9966667
304.224	392.7366667
304.68	389.8766667
305.135	397.1588889
305.59	391.4377778
306.045	391.4377778
306.5	390.6577778
306.955	388.3177778
307.41	382.5966667
307.865	380.7755556
308.32	384.4166667
308.775	387.5377778
309.23	380.7755556
309.685	397.6788889
310.139	395.3388889
310.594	395.5988889
311.049	401.32
311.503	404.1811111
311.958	402.8811111
312.413	400.8011111
312.867	394.8188889
313.322	400.8011111
313.776	388.8388889
314.23	397.9411111
314.685	392.22
315.139	389.1
315.593	391.44
316.047	395.8611111
316.502	386.2388889
316.956	387.54
317.41	385.9788889
317.864	390.66
318.318	380.5177778
318.772	381.0377778
319.226	386.4988889
319.68	389.36
320.133	387.54
320.587	395.0811111
321.041	397.4211111
321.495	395.3411111
321.948	396.3811111
322.402	397.9411111
322.855	394.82
323.309	394.82
323.762	390.1388889
324.216	386.4977778
324.669	387.2777778
325.123	385.7177778
325.576	387.2777778
326.029	384.4166667
326.482	383.6366667
326.935	385.1966667
327.389	379.7355556
327.842	384.6766667
328.295	388.8377778
328.748	381.5566667
329.201	381.8166667
329.654	375.0555556
330.107	374.2755556
330.559	374.2755556
331.012	379.4777778
331.465	380.7777778
331.918	386.7588889
332.37	387.0188889
332.823	393.26
333.275	398.4611111
333.728	398.4611111
334.18	406.2633333
334.633	411.2044444
335.085	414.3244444
335.538	412.2433333
335.99	410.1633333
336.442	409.9033333
336.894	414.0644444
337.347	411.9833333
337.799	414.5833333
338.251	410.9422222
338.703	402.88
339.155	392.4777778
339.607	394.0388889
340.059	388.5777778
340.511	389.8777778
340.963	383.1166667
341.414	387.7977778
341.866	397.94
342.318	402.8811111
342.769	405.7422222
343.221	420.5655556
343.673	412.5033333
344.124	416.1433333
344.576	420.5644444
345.027	421.6044444
345.478	410.6822222
345.93	404.7011111
346.381	396.6388889
346.832	396.6388889
347.284	386.2366667
347.735	400.02
348.186	394.2988889
348.637	394.0388889
349.088	398.72
349.539	402.8811111
349.99	402.3611111
350.441	401.0611111
350.892	397.94
351.343	402.8811111
351.793	395.0788889
352.244	390.6577778
352.695	382.0755556
353.146	376.8744444
353.596	381.0355556
354.047	379.2155556
354.497	386.4977778
354.948	391.4388889
355.398	386.2377778
355.848	400.8011111
356.299	406.7822222
356.749	410.4233333
357.199	405.4822222
357.65	398.72
358.1	396.1188889
358.55	389.6166667
359	394.0377778
359.45	400.7988889
359.9	389.6166667
360.35	390.3977778
360.8	388.3166667
361.25	395.8577778
361.699	396.1177778
362.149	400.5388889
362.599	402.1
363.049	397.4188889
363.498	392.4777778
363.948	398.7188889
364.397	398.7188889
364.847	398.98
365.296	397.68
365.746	398.7211111
366.195	394.56
366.644	396.12
367.094	395.34
367.543	399.2411111
367.992	391.96
368.441	390.9188889
368.89	395.3388889
369.339	396.3788889
369.788	404.18
370.237	407.8211111
370.686	407.3011111
371.135	409.3811111
371.584	408.3411111
372.033	415.8822222
372.482	422.3844444
372.93	423.6855556
373.379	420.5644444
373.827	412.7633333
374.276	419.5244444
374.725	416.9233333
375.173	419.2644444
375.621	420.3044444
376.07	421.6055556
376.518	420.3055556
376.966	415.3644444
377.415	421.3466667
377.863	421.8666667
378.311	412.2444444
378.759	418.4866667
379.207	416.4055556
379.655	415.8855556
380.103	408.3433333
380.551	401.5811111
380.999	395.86
381.447	395.34
381.895	406.0022222
382.342	413.5444444
382.79	412.2433333
383.238	405.2222222
383.685	397.68
384.133	397.42
384.58	402.1011111
385.028	406.0011111
385.475	397.1588889
385.923	385.9766667
386.37	379.2155556
386.817	379.9966667
387.265	386.7577778
387.712	392.22
388.159	390.14
388.606	388.32
389.053	394.0422222
389.5	398.9833333
389.947	407.5644444
390.394	410.1644444
390.841	410.1644444
391.288	399.5022222
391.735	394.56
392.181	394.2988889
392.628	391.9577778
393.075	392.4777778
393.521	401.32
393.968	391.4377778
394.414	387.5366667
394.861	384.9355556
395.307	395.0777778
395.754	405.7411111
396.2	412.2433333
396.646	411.9833333
397.093	404.4411111
397.539	397.9388889
397.985	403.4011111
398.431	408.3422222
398.877	412.7633333
399.323	415.1044444
399.769	403.1411111
400.215	401.06
400.661	404.4411111
401.107	409.1222222
401.552	409.9022222
401.998	407.0411111
402.444	401.84
402.889	405.2211111
403.335	402.36
403.781	406.2611111
404.226	407.5622222
404.672	407.5622222
405.117	414.5833333
405.562	411.4633333
406.008	415.8844444
406.453	423.1666667
406.898	419.0055556
407.343	418.4855556
407.789	430.4477778
408.234	430.4477778
408.679	437.7288889
409.124	442.41
409.569	444.23
410.014	447.09
410.458	449.17
410.903	452.29
411.348	461.9122222
411.793	461.9122222
412.237	462.4322222
412.682	459.3122222
413.127	460.8733333
413.571	472.0555556
414.016	473.6166667
414.46	479.5977778
414.904	491.5611111
415.349	501.1833333
415.793	515.4866667
416.237	532.91
416.682	548.5133333
417.126	553.4544444
417.57	562.2966667
418.014	576.86
418.458	598.1855556
418.902	605.4666667
419.346	619.77
419.79	624.1911111
420.233	635.1144444
420.677	658.26
421.121	680.6244444
421.565	709.7511111
422.008	730.0355556
422.452	741.2177778
422.895	766.7044444
423.339	782.5677778
423.782	809.0944444
424.226	833.8
424.669	866.8277778
425.113	897.2555556
425.556	929.5033333
425.999	969.8122222
426.442	1025.725556
426.885	1064.734444
427.328	1120.127778
427.771	1164.857778
428.214	1234.293333
428.657	1286.824444
429.1	1358.86
429.543	1431.936667
429.986	1501.113333
430.429	1570.808889
430.871	1667.29
431.314	1770.793333
431.757	1877.157778
432.199	1986.643333
432.642	2108.872222
433.084	2225.64
433.527	2352.808889
433.969	2509.624444
434.411	2676.062222
434.854	2827.677778
435.296	2995.935556
435.738	3180.577778
436.18	3370.421111
436.622	3577.947778
437.064	3809.92
437.506	4044.754444
437.948	4300.392222
438.39	4560.712222
438.832	4865.762222
439.274	5186.676667
439.715	5518.512222
440.157	5864.651111
440.599	6231.855556
441.04	6635.467778
441.482	7046.101111
441.924	7480.401111
442.365	7966.192222
442.806	8449.902222
443.248	8960.658889
443.689	9537.731111
444.13	10120.00444
444.572	10724.38222
445.013	11381.29333
445.454	12061.08889
445.895	12804.07889
446.336	13559.03222
446.777	14367.81778
447.218	15207.55
447.659	16084.21111
448.1	17051.37222
448.54	18030.23667
448.981	19036.40667
449.422	20140.88
449.863	21274.74
450.303	22479.85556
450.744	23764.54889
451.184	25076.80889
451.625	26444.20111
452.065	27804.83222
452.505	29278.59
452.946	30772.89222
453.386	32326.74778
453.826	33817.14889
454.266	35304.68889
454.707	36838.78
455.147	38343.22444
455.587	39864.83333
456.027	41274.09667
456.467	42737.71111
456.906	44085.86
457.346	45387.19778
457.786	46663.83
458.226	47835.91889
458.666	48907.36444
459.105	49869.58444
459.545	50696.57333
459.984	51536.30556
460.424	52105.05556
460.863	52666.26333
461.303	53076.11667
461.742	53419.39444
462.181	53621.98
462.621	53667.75111
463.06	53675.29333
463.499	53628.48333
463.938	53487.53111
464.377	53376.74556
464.816	53116.16667
465.255	52800.19444
465.694	52400.22333
466.133	52015.59556
466.572	51595.07889
467.01	51097.58444
467.449	50542.35667
467.888	49932.51667
468.326	49263.64444
468.765	48673.04889
469.203	47987.27222
469.642	47325.42111
470.08	46625.08111
470.519	45978.57333
470.957	45386.93778
471.395	44789.06111
471.834	44191.18444
472.272	43577.44333
472.71	42955.12111
473.148	42360.88556
473.586	41762.22778
474.024	41209.08111
474.462	40561.53222
474.9	39975.09889
475.338	39401.92778
475.775	38859.70333
476.213	38337.50444
476.651	37778.63667
477.088	37245.51444
477.526	36710.83222
477.964	36178.49
478.401	35706.22222
478.838	35123.68889
479.276	34525.81222
479.713	33971.88556
480.15	33406.25556
480.588	32858.05
481.025	32350.41333
481.462	31810.27
481.899	31320.05778
482.336	30795.25778
482.773	30359.91778
483.21	29902.73333
483.647	29445.54889
484.084	29045.31778
484.521	28613.35889
484.957	28182.96
485.394	27847.22333
485.831	27476.63889
486.267	27160.14667
486.704	26833.25222
487.14	26554.46778
487.577	26318.85333
488.013	26065.55556
488.45	25897.03667
488.886	25731.63889
489.322	25586.52556
489.758	25444.27333
490.195	25336.86889
490.631	25259.37111
491.067	25194.87667
491.503	25173.29222
491.939	25161.32889
492.375	25140.78444
492.81	25183.17444
493.246	25229.98444
493.682	25353.51222
494.118	25435.43111
494.553	25539.19444
494.989	25736.32
495.424	25916.80111
495.86	26111.32556
496.295	26368.26444
496.731	26627.54444
497.166	26885.78444
497.602	27145.58444
498.037	27509.66778
498.472	27892.99556
498.907	28254.99778
499.342	28665.11222
499.777	29075.74667
500.212	29539.69222
500.647	30021.06222
501.082	30565.10667
501.517	31135.15667
501.952	31743.43556
502.387	32314.00667
502.821	32968.83667
503.256	33625.74667
503.69	34317.50444
504.125	35003.80222
504.56	35735.87
504.994	36471.05778
505.428	37192.20333
505.863	37894.88444
506.297	38708.61
506.731	39476.04556
507.165	40287.69111
507.6	41082.17333
508.034	41899.54
508.468	42650.85111
508.902	43440.13222
509.336	44279.86444
509.77	45048.6
510.203	45783.00778
510.637	46519.75667
511.071	47230.23889
511.505	47950.60333
511.938	48619.99667
512.372	49276.90778
512.805	49897.14889
513.239	50460.43778
513.672	50988.61889
514.106	51503.79778
514.539	51947.71889
514.972	52303.48111
515.406	52660.54333
515.839	52946.60889
516.272	53253.47889
516.705	53432.14
517.138	53550.20667
517.571	53701.56111
518.004	53795.18222
518.437	53833.67111
518.87	53871.11889
519.302	53814.16556
519.735	53696.87889
520.168	53529.92
520.6	53366.60333
521.033	53147.63333
521.466	52895.11556
521.898	52536.75333
522.33	52212.45889
522.763	51751.63444
523.195	51358.16444
523.627	50952.47111
524.06	50450.29667
524.492	50003.25444
524.924	49514.34222
525.356	48972.63778
525.788	48488.92667
526.22	47970.88889
526.652	47476.25556
527.084	46917.12778
527.516	46376.98444
527.947	45881.31111
528.379	45323.22333
528.811	44792.96222
529.242	44308.47222
529.674	43788.87333
530.105	43287.21778
530.537	42782.44222
530.968	42318.75556
531.399	41854.28889
531.831	41408.80667
532.262	40947.72111
532.693	40497.55778
533.124	40072.36
533.555	39664.32667
533.986	39209.22333
534.417	38813.93222
534.848	38423.32333
535.279	37995.00556
535.71	37606.99667
536.141	37253.57556
536.572	36940.98444
537.002	36550.11444
537.433	36156.90444
537.863	35852.11444
538.294	35502.07444
538.724	35166.85778
539.155	34880.79222
539.585	34542.71556
540.015	34208.27889
540.446	33870.98111
540.876	33583.61556
541.306	33332.39889
541.736	33008.36444
542.166	32771.45
542.596	32425.57111
543.026	32153.02889
543.456	31904.15111
543.886	31674.51889
544.316	31472.45333
544.745	31247.50222
545.175	31016.56889
545.605	30786.93667
546.034	30575.50889
546.464	30384.88444
546.893	30125.60444
547.323	29934.72111
547.752	29710.80889
548.181	29459.33111
548.611	29270.00778
549.04	29080.16444
549.469	28884.86
549.898	28693.19556
550.327	28580.07
550.756	28451.08111
551.185	28293.22444
551.614	28100.26111
552.043	27944.22556
552.472	27759.58333
552.9	27565.05889
553.329	27439.97
553.758	27272.23222
554.186	27112.03556
554.615	27001.51
555.043	26836.11222
555.472	26725.84667
555.9	26616.88111
556.328	26531.06111
556.757	26482.43
557.185	26404.93222
557.613	26328.47444
558.041	26229.13222
558.469	26167.49778
558.897	26126.40889
559.325	26146.95333
559.753	26159.69667
560.181	26142.79333
560.609	26138.11222
561.037	26109.76556
561.464	26165.93889
561.892	26219.77111
562.319	26228.61333
562.747	26292.32778
563.175	26309.23222
563.602	26346.68111
564.029	26432.5
564.457	26491.01333
564.884	26559.66889
565.311	26603.87889
565.738	26653.29
566.165	26727.40667
566.592	26757.83333
567.019	26801.52333
567.446	26774.21667
567.873	26751.07222
568.3	26726.10667
568.727	26706.60222
569.154	26607.25889
569.58	26518.57889
570.007	26468.90778
570.434	26374.24667
570.86	26236.67444
571.287	26183.88222
571.713	26046.31
572.139	25947.74667
572.566	25862.44778
572.992	25818.23778
573.418	25743.6
573.844	25650.49889
574.27	25596.40667
574.696	25545.43556
575.122	25436.47111
575.548	25357.67333
575.974	25329.32778
576.4	25228.94444
576.826	25151.44667
577.252	25131.68222
577.677	25079.67
578.103	25000.61111
578.528	24980.06667
578.954	24975.12556
579.379	24991.76889
579.805	24960.04111
580.23	25005.29111
580.655	25018.81444
581.081	24987.86778
581.506	24922.33333
581.931	24945.99889
582.356	24882.80444
582.781	24879.16333
583.206	24869.28111
583.631	24833.39333
584.056	24745.75333
584.481	24714.80667
584.905	24709.34556
585.33	24727.28889
585.755	24703.62333
586.179	24713.76556
586.604	24696.34111
587.028	24704.14333
587.453	24693.22
587.877	24717.92556
588.302	24703.10111
588.726	24704.14111
589.15	24692.95889
589.574	24681.77667
589.998	24690.09778
590.422	24635.22556
590.846	24602.45778
591.27	24594.91667
591.694	24602.71889
592.118	24592.83667
592.542	24532.76222
592.966	24547.58556
593.389	24535.88333
593.813	24495.05444
594.236	24503.11667
594.66	24463.06778
595.083	24471.39
595.507	24458.38667
595.93	24501.03667
596.354	24537.18556
596.777	24543.16667
597.2	24553.56889
597.623	24590.23778
598.046	24679.17778
598.469	24774.36
598.892	24815.44889
599.315	24848.73667
599.738	24896.58778
600.161	24979.54667
600.584	25053.14444
601.006	25184.47444
601.429	25348.83111
601.851	25461.69667
602.274	25591.98667
602.696	25772.20778
603.119	25960.49111
603.541	26113.92667
603.964	26313.91222
604.386	26509.21667
604.808	26735.72889
605.23	26904.76778
605.652	27110.47556
606.074	27307.86
606.496	27464.93667
606.918	27706.27222
607.34	27913.53889
607.762	28138.75111
608.184	28301.80778
608.606	28428.19667
609.027	28580.59222
609.449	28734.80667
609.87	28883.82111
610.292	29078.60556
610.713	29186.53
611.135	29283.53222
611.556	29366.23111
611.977	29507.96444
612.398	29632.27222
612.82	29826.53667
613.241	29937.84222
613.662	30085.81556
614.083	30226.50778
614.504	30483.18667
614.925	30695.39556
615.345	30889.4
615.766	31116.69111
616.187	31380.13111
616.608	31553.85
617.028	31822.75222
617.449	32126.76222
617.869	32404.76556
618.29	32621.13444
618.71	32921.24333
619.131	33217.97111
619.551	33542.26556
619.971	33837.17333
620.391	34254.83
620.811	34622.29333
621.231	35019.66444
621.651	35421.45667
622.071	35813.36667
622.491	36270.29111
622.911	36742.81889
623.331	37194.80222
623.751	37708.42
624.17	38127.89556
624.59	38712.77
625.009	39191.01889
625.429	39780.05333
625.848	40333.98
626.268	40891.54778
626.687	41406.98556
627.106	41949.73
627.526	42415.23667
627.945	42905.96889
628.364	43202.43667
628.783	43534.53333
629.202	43721.77667
629.621	43885.35444
630.04	43872.87111
630.459	43771.44778
630.878	43459.63667
631.296	43051.86333
631.715	42484.67333
632.134	41809.55889
632.552	40913.13333
632.971	39869.25444
633.389	38733.83444
633.807	37460.32333
634.226	36137.66111
634.644	34757.26556
635.062	33305.87333
635.48	31807.15
635.899	30289.70222
636.317	28888.76222
636.735	27451.67222
637.153	26054.37222
637.57	24793.34333
637.988	23585.88667
638.406	22447.60556
638.824	21402.42667
639.241	20459.71111
639.659	19574.98889
640.077	18703.78889
640.494	17975.62222
640.912	17259.67889
641.329	16608.75
641.746	15985.38778
642.164	15431.20111
642.581	14919.92333
642.998	14405.52556
643.415	13953.02222
643.832	13529.12556
644.249	13155.68111
644.666	12799.13889
645.083	12425.95333
645.5	12096.19778
645.916	11784.90667
646.333	11461.39333
646.75	11216.41778
647.166	10943.61556
647.583	10694.47778
647.999	10442.22
648.416	10201.40444
648.832	9966.051111
649.249	9724.975556
649.665	9532.271111
650.081	9349.968889
650.497	9142.181111
650.913	8992.126667
651.329	8821.527778
651.745	8673.033333
652.161	8539.103333
652.577	8420.255556
652.993	8290.225556
653.409	8128.468889
653.824	7986.736667
654.24	7870.49
654.655	7738.378889
655.071	7618.752222
655.486	7456.215556
655.902	7304.861111
656.317	7185.754444
656.732	7084.331111
657.148	7000.071111
657.563	6896.306667
657.978	6773.298889
658.393	6662.774444
658.808	6548.607778
659.223	6448.744444
659.638	6354.602222
660.053	6246.937778
660.467	6142.134444
660.882	6028.748889
661.297	5954.372222
661.711	5867.252222
662.126	5772.85
662.54	5686.25
662.955	5607.192222
663.369	5524.233333
663.784	5422.81
664.198	5327.367778
664.612	5242.588889
665.026	5150.527778
665.44	5057.426667
665.854	4971.347778
666.268	4896.971111
666.682	4818.172222
667.096	4735.213333
667.51	4669.417778
667.924	4608.044444
668.337	4537.047778
668.751	4449.407778
669.164	4376.851111
669.578	4310.535556
669.991	4251.762222
670.405	4191.428889
670.818	4139.937778
671.231	4085.065556
671.645	4013.548889
672.058	3945.153333
672.471	3889.501111
672.884	3837.228889
673.297	3779.235556
673.71	3704.077778
674.123	3652.065556
674.536	3590.431111
674.948	3540.238889
675.361	3480.945556
675.774	3424.512222
676.186	3386.543333
676.599	3341.553333
677.011	3293.962222
677.424	3249.752222
677.836	3185.777778
678.248	3145.468889
678.661	3097.098889
679.073	3070.832222
679.485	3034.164444
679.897	2990.734444
680.309	2954.585556
680.721	2917.917778
681.133	2888.011111
681.545	2850.822222
681.957	2825.855556
682.368	2802.97
682.78	2761.101111
683.192	2729.113333
683.603	2682.822222
684.015	2644.333333
684.426	2614.165556
684.837	2572.035556
685.249	2538.488889
685.66	2499.22
686.071	2453.968889
686.482	2415.48
686.893	2393.375556
687.304	2368.41
687.715	2341.364444
688.126	2306.776667
688.537	2281.811111
688.948	2262.826667
689.359	2226.938889
689.769	2205.094444
690.18	2202.493333
690.591	2169.205556
691.001	2145.54
691.411	2126.035556
691.822	2097.948889
692.232	2091.447778
692.642	2061.801111
693.053	2037.615556
693.463	2012.91
693.873	1977.542222
694.283	1951.275556
694.693	1919.288889
695.103	1884.961111
695.513	1868.577778
695.922	1833.73
696.332	1812.404444
696.742	1790.558889
697.151	1774.435556
697.561	1746.348889
697.97	1737.767778
698.38	1721.383333
698.789	1700.577778
699.199	1686.794444
699.608	1663.388889
700.017	1644.924444
700.426	1622.3
700.835	1597.333333
701.244	1579.648889
701.653	1550.262222
702.062	1532.838889
702.471	1507.873333
702.88	1479.266667
703.289	1453.261111
703.697	1438.177778
704.106	1426.734444
704.514	1398.648889
704.923	1383.825556
705.331	1361.46
705.74	1342.475556
706.148	1334.153333
706.556	1322.191111
706.965	1312.047778
707.373	1283.181111
707.781	1271.738889
708.189	1254.574444
708.597	1242.872222
709.005	1219.726667
709.413	1208.284444
709.82	1196.322222
710.228	1188.78
710.636	1181.498889
711.043	1178.118889
711.451	1164.595556
711.858	1153.933333
712.266	1141.71
712.673	1151.592222
713.081	1140.668889
713.488	1139.628889
713.895	1120.644444
714.302	1102.44
714.709	1101.658889
715.116	1085.275556
715.523	1076.953333
715.93	1056.668889
716.337	1037.684444
716.744	1030.923333
717.15	1006.217778
717.557	986.4533333
717.964	971.63
718.37	948.2255556
718.777	937.5633333
719.183	927.1611111
719.589	916.7588889
719.996	905.0566667
720.402	892.3133333
720.808	890.4922222
721.214	890.4922222
721.62	888.9322222
722.026	873.0677778
722.432	867.6066667
722.838	861.6255556
723.244	861.6255556
723.65	856.1644444
724.055	849.4033333
724.461	837.4411111
724.867	825.7388889
725.272	825.2188889
725.678	825.7388889
726.083	823.3977778
726.488	814.2955556
726.894	819.2366667
727.299	814.8155556
727.704	803.6333333
728.109	798.1722222
728.514	798.6922222
728.919	781.0077778
729.324	782.8288889
729.729	771.6466667
730.134	770.8666667
730.538	749.2822222
730.943	740.44
731.348	740.7
731.752	735.2388889
732.157	722.4955556
732.561	719.3744444
732.966	709.7522222
733.37	697.7888889
733.774	693.1077778
734.178	695.1877778
734.582	695.1877778
734.987	685.8255556
735.391	676.2033333
735.795	675.9433333
736.198	666.5822222
736.602	657.74
737.006	653.0588889
737.41	644.9966667
737.813	633.8144444
738.217	628.6133333
738.621	626.2722222
739.024	622.3711111
739.427	608.3277778
739.831	610.1477778
740.234	603.3866667
740.637	605.4677778
741.04	601.5666667
741.444	601.8266667
741.847	583.1022222
742.25	579.7222222
742.652	577.1211111
743.055	586.2233333
743.458	584.6633333
743.861	586.2233333
744.264	575.5611111
744.666	572.1811111
745.069	573.2211111
745.471	583.3633333
745.874	578.9422222
746.276	576.0822222
746.678	570.1011111
747.081	571.6611111
747.483	570.6211111
747.885	574.7811111
748.287	575.3011111
748.689	565.9388889
749.091	569.32
749.493	562.5577778
749.895	564.1177778
750.296	568.5388889
750.698	570.6188889
751.1	569.5788889
751.501	568.7988889
751.903	574.78
752.304	578.6811111
752.706	567.2377778
753.107	568.7988889
753.508	559.1766667
753.909	545.1333333
754.311	530.05
754.712	519.1266667
755.113	514.1855556
755.514	506.9044444
755.915	497.2822222
756.315	498.0633333
756.716	500.4033333
757.117	499.3633333
757.518	505.6044444
757.918	507.9455556
758.319	516.2677778
758.719	515.7477778
759.12	512.1066667
759.52	521.9888889
759.92	521.4688889
760.321	513.1466667
760.721	511.3255556
761.121	503.2644444
761.521	497.2822222
761.921	492.8611111
762.321	491.8211111
762.721	488.18
763.12	474.6566667
763.52	475.4366667
763.92	476.7377778
764.319	468.9366667
764.719	467.6355556
765.118	462.4344444
765.518	459.0533333
765.917	457.2333333
766.317	457.4933333
766.716	457.4933333
767.115	452.2922222
767.514	458.0133333
767.913	463.4744444
768.312	460.8744444
768.711	470.2366667
769.11	469.7166667
769.509	469.4566667
769.907	461.3944444
770.306	465.8155556
770.705	465.2955556
771.103	463.4744444
771.502	459.5733333
771.9	453.0722222
772.299	439.2888889
772.697	436.4288889
773.095	431.7477778
773.493	433.3088889
773.891	426.8077778
774.29	426.0266667
774.688	413.0244444
775.085	420.0466667
775.483	433.3088889
775.881	447.0922222
776.279	442.1511111
776.677	439.29
777.074	439.81
777.472	444.4911111
777.869	443.7111111
778.267	449.6922222
778.664	447.3511111
779.061	440.33
779.459	435.3888889
779.856	443.19
780.253	445.7911111
780.65	447.0911111
781.047	443.45
781.444	435.1277778
781.841	437.4677778
782.238	425.7655556
782.634	429.4066667
783.031	420.8255556
783.428	415.6244444
783.824	419.2644444
784.221	427.0666667
784.617	426.8066667
785.014	434.6088889
785.41	425.7677778
785.806	439.5511111
786.202	437.21
786.598	441.8911111
786.994	443.7122222
787.39	441.8922222
787.786	429.4088889
788.182	435.65
788.578	440.5911111
788.974	451.2533333
789.369	450.2122222
789.765	448.1322222
790.161	448.6522222
790.556	444.4911111
790.952	441.63
791.347	447.3511111
791.742	436.9488889
792.137	427.8466667
792.533	418.4844444
792.928	414.5844444
793.323	410.6833333
793.718	408.6022222
794.113	414.8433333
794.508	409.6422222
794.902	401.5811111
795.297	396.38
795.692	392.7388889
796.086	401.0611111
796.481	393.2588889
796.875	391.4388889
797.27	393.52
797.664	382.3377778
798.058	383.3777778
798.453	388.8388889
798.847	394.3
799.241	393.26
799.635	387.7977778
800.029	390.9188889
800.423	390.9188889
800.817	388.3177778
801.21	387.7977778
801.604	392.7388889
801.998	389.6177778
802.391	387.5377778
802.785	392.9988889
803.178	390.6588889
803.572	390.3977778
803.965	386.2366667
804.358	385.7166667
804.752	392.7377778
805.145	393.2588889
805.538	391.9588889
805.931	397.16
806.324	398.4611111
806.717	395.08
807.11	406.2633333
807.502	408.8633333
807.895	408.8633333
808.288	411.4644444
808.68	407.0433333
809.073	403.9222222
809.465	398.4611111
809.858	396.9
810.25	407.5622222
810.642	401.8411111
811.034	403.4022222
811.426	396.12
811.818	389.6177778
812.21	389.3577778
812.602	388.0577778
812.994	387.7977778
813.386	383.6366667
813.778	368.5533333
814.169	359.9711111
814.561	365.9522222
814.953	374.0144444
815.344	375.5755556
815.736	378.4355556
816.127	381.8166667
816.518	387.2777778
816.909	385.4577778
817.301	386.2388889
817.692	394.5611111
818.083	389.62
818.474	387.8
818.865	383.3788889
819.255	378.9577778
819.646	383.1188889
820.037	379.7377778
820.428	383.6388889
820.818	380.2577778
821.209	373.2355556
821.599	371.6744444
821.99	375.5755556
822.38	377.3955556
822.77	375.3155556
823.16	367.7733333
823.55	369.5933333
823.94	371.4133333
824.33	371.9333333
824.72	374.0144444
825.11	376.3555556
825.5	371.6744444
825.89	373.7544444
826.28	375.0544444
826.669	380.2555556
827.059	378.1755556
827.448	377.9155556
827.838	389.3577778
828.227	385.9766667
828.616	384.9366667
829.005	384.9366667
829.395	388.3177778
829.784	392.4788889
830.173	387.0177778
830.562	389.6188889
830.951	373.4955556
831.339	362.5733333
831.728	367.7744444
832.117	374.0155556
832.506	374.7955556
832.894	372.4555556
833.283	382.0777778
833.671	377.9166667
834.059	371.6744444
834.448	387.2777778
834.836	394.0388889
835.224	392.4788889
835.612	388.3177778
836	377.9155556
836.388	381.0355556
836.776	378.1744444
837.164	392.4777778
837.552	389.3577778
837.94	382.5966667
838.327	380.5166667
838.715	380.2566667
839.103	375.3155556
839.49	377.9155556
839.877	373.4944444
840.265	359.4511111
840.652	355.81
841.039	356.59
841.426	367.7722222
841.813	370.1122222
842.2	366.2111111
842.587	365.4311111
842.974	371.9322222
843.361	367.2511111
843.748	368.8122222
844.134	362.5711111
844.521	364.1311111
844.908	355.2888889
845.294	350.3477778
845.681	355.8088889
846.067	355.8088889
846.453	357.63
846.839	364.1322222
847.226	371.6733333
847.612	376.6144444
847.998	379.2155556
848.384	384.9366667
848.77	391.4388889
849.155	383.1166667
849.541	386.2377778
849.927	384.9377778
850.312	382.5966667
850.698	382.0766667
851.084	377.9155556
851.469	376.8744444
851.854	372.4533333
852.24	374.7933333
852.625	382.3355556
853.01	378.1744444
853.395	378.1744444
853.78	374.2733333
854.165	366.7322222
854.55	363.0911111
854.935	366.7322222
855.32	360.4911111
855.704	352.43
856.089	353.47
856.474	355.29
856.858	347.2277778
857.243	351.3888889
857.627	350.8688889
858.011	352.43
858.396	349.83
858.78	354.2511111
859.164	356.8511111
859.548	355.0311111
859.932	357.8922222
860.316	357.1122222
860.7	344.37
861.083	339.4288889
861.467	347.49
861.851	342.5488889
862.234	345.15
862.618	348.0111111
863.001	346.45
863.385	336.8277778
863.768	344.8888889
864.151	362.8322222
864.534	367.5133333
864.918	364.1333333
865.301	360.4922222
865.684	360.4922222
866.066	359.1911111
866.449	361.5322222
866.832	371.4144444
867.215	365.4333333
867.597	364.3933333
867.98	362.0522222
868.363	357.8911111
868.745	363.8722222
869.127	369.0733333
869.51	372.7144444
869.892	374.2744444
870.274	368.0322222
870.656	373.4933333
871.038	366.7322222
871.42	372.1933333
871.802	369.8522222
872.184	374.0133333
872.566	360.75
872.948	351.6477778
873.329	345.4066667
873.711	349.8277778
874.092	347.2277778
874.474	350.8688889
874.855	359.4511111
875.236	364.1322222
875.618	358.4111111
875.999	363.3522222
876.38	364.1333333
876.761	354.5111111
877.142	352.6911111
877.523	359.1922222
877.904	356.5911111
878.285	349.5688889
878.665	350.6088889
879.046	349.3077778
879.426	350.3477778
879.807	351.1277778
880.187	362.57
880.568	365.1711111
880.948	357.89
881.328	362.0511111
881.708	363.0922222
882.089	363.0922222
882.469	362.3122222
882.849	359.7122222
883.228	364.3933333
883.608	363.3533333
883.988	355.0311111
884.368	358.6711111
884.747	351.6488889
885.127	344.6266667
885.506	333.7044444
885.886	344.6277778
886.265	351.6488889
886.645	342.8066667
887.024	352.4288889
887.403	361.5311111
887.782	364.3922222
888.161	365.1733333
888.54	369.5944444
888.919	379.4766667
889.298	370.8944444
889.676	370.8944444
890.055	381.8166667
890.434	367.2533333
890.812	358.6711111
891.191	359.1911111
891.569	364.9122222
891.948	368.8133333
892.326	375.5755556
892.704	373.4944444
893.082	371.1544444
893.46	364.6533333
893.838	370.8944444
894.216	372.7144444
894.594	364.3922222
894.972	359.1911111
895.35	357.8911111
895.727	348.5288889
896.105	355.5511111
896.482	356.5911111
896.86	359.1911111
897.237	354.25
897.615	367.7733333
897.992	375.3155556
898.369	375.3155556
898.746	368.8133333
899.123	370.6333333
899.5	368.5522222
899.877	359.71
900.254	360.75
900.631	365.9511111
901.007	364.3911111
901.384	359.19
901.761	357.3688889
902.137	361.53
902.514	362.05
902.89	364.3911111
903.266	374.7933333
903.642	374.7933333
904.019	361.27
904.395	352.1677778
904.771	355.5488889
905.147	361.27
905.523	358.15
905.898	360.2311111
906.274	361.0111111
906.65	357.63
907.026	359.4511111
907.401	370.8944444
907.777	372.9744444
908.152	378.9555556
908.527	380.7766667
908.903	374.5344444
909.278	369.3333333
909.653	367.2533333
910.028	380.5166667
910.403	375.8355556
910.778	378.4355556
911.153	366.4733333
911.528	360.2311111
911.902	356.59
912.277	362.5722222
912.652	363.3522222
913.026	366.7322222
913.4	353.73
913.775	353.47
914.149	349.0488889
914.523	354.51
914.898	344.3677778
915.272	338.3866667
915.646	342.8066667
916.02	352.4288889
916.394	343.5866667
916.767	338.6455556
917.141	341.7655556
917.515	339.9455556
917.888	344.8866667
918.262	349.3077778
918.635	350.8677778
919.009	344.1066667
919.382	334.4844444
919.756	339.1655556
920.129	347.4866667
920.502	347.2266667
920.875	352.1677778
921.248	352.4277778
921.621	360.49
921.994	356.3288889
922.366	362.57
922.739	365.95
923.112	360.7488889
923.484	357.1077778
923.857	344.1055556
924.229	339.9444444
924.602	342.2855556
924.974	342.8055556
925.346	353.4688889
925.718	357.89
926.091	353.73
926.463	362.3122222
926.835	359.9722222
927.206	374.2755556
927.578	379.9966667
927.95	382.0766667
928.322	374.2744444
928.693	369.5933333
929.065	371.4144444
929.436	370.6333333
929.808	368.5533333
930.179	368.2933333
930.55	364.9122222
930.921	361.2722222
931.293	356.0711111
931.664	357.6322222
932.035	357.8922222
932.406	353.7311111
932.776	353.4711111
933.147	349.31
933.518	352.6911111
933.888	360.4933333
934.259	363.0933333
934.63	367.7744444
935	366.7344444
935.37	374.2755556
935.741	370.8944444
936.111	369.0744444
936.481	366.7333333
936.851	364.6522222
937.221	360.7511111
937.591	358.9311111
937.961	366.7322222
938.331	372.4533333
938.7	363.0911111
939.07	367.7722222
939.44	371.1533333
939.809	372.9744444
940.178	371.6744444
940.548	369.5933333
940.917	367.2522222
941.286	356.07
941.656	357.89
942.025	360.7511111
942.394	357.11
942.763	355.2888889
943.131	358.9288889
943.5	358.6688889
943.869	353.2077778
944.238	360.23
944.606	364.9111111
944.975	363.0911111
945.343	356.85
945.712	361.5311111
946.08	367.2522222
946.448	371.6733333
946.816	367.2522222
947.184	367.2522222
947.552	364.3911111
947.92	361.5311111
948.288	363.8711111
948.656	369.3322222
949.024	362.0511111
949.392	359.4511111
949.759	348.7888889
950.127	355.03
950.494	359.9711111
950.862	360.4911111
951.229	355.55
951.596	348.5288889
951.963	352.69
952.33	341.5066667
952.697	343.8466667
953.064	354.7688889
953.431	354.5088889
953.798	354.5088889
954.165	354.2488889
954.532	354.5088889
954.898	357.8888889
955.265	358.4088889
955.631	372.4522222
955.998	369.3322222
956.364	366.9922222
956.73	367.5122222
957.096	368.8133333
957.463	368.5533333
957.829	372.7133333
958.195	365.4322222
958.56	362.5711111
958.926	356.59
959.292	356.85
959.658	354.77
960.023	360.4922222
960.389	366.2133333
960.754	364.1333333
961.12	365.6944444
961.485	371.4155556
961.85	368.5544444
962.216	375.0555556
962.581	374.5355556
962.946	370.6344444
963.311	363.0922222
963.676	358.1511111
964.041	359.9711111
964.405	359.7111111
964.77	357.6311111
965.135	360.4922222
965.499	356.8522222
965.864	363.6133333
966.228	363.8733333
966.592	369.5944444
966.957	370.3744444
967.321	364.3933333
967.685	355.8111111
968.049	353.99
968.413	356.3311111
968.777	357.3711111
969.141	359.4522222
969.504	361.5322222
969.868	359.7122222
970.232	356.8511111
970.595	355.8111111
970.959	356.3311111
971.322	360.4922222
971.686	351.91
972.049	355.0311111
972.412	348.7888889
972.775	344.8877778
973.138	344.3677778
973.501	347.2288889
973.864	352.95
974.227	359.1911111
974.59	368.5533333
974.952	370.8933333
975.315	366.2122222
975.677	367.5133333
976.04	369.0744444
976.402	368.5544444
976.765	365.6933333
977.127	366.9933333
977.489	361.5322222
977.851	348.79
978.213	350.0911111
978.575	345.93
978.937	344.1088889
979.299	340.7277778
979.661	334.2255556
980.022	339.9466667
980.384	344.1077778
980.745	352.95
981.107	358.6711111
981.468	362.5711111
981.83	376.8744444
982.191	380.5155556
982.552	381.8155556
982.913	386.7566667
983.274	378.9555556
983.635	379.7355556
983.996	377.3955556
984.357	366.9933333
984.718	363.3533333
985.078	352.69
985.439	351.39
985.799	352.9511111
986.16	349.31
986.52	344.3688889
986.88	338.6477778
987.241	340.7277778
987.601	350.35
987.961	345.9288889
988.321	343.0688889
988.681	340.2077778
989.041	338.1266667
989.4	336.3066667
989.76	335.5266667
990.12	334.4866667
990.479	328.2455556
990.839	326.6844444
991.198	332.9255556
991.558	333.4455556
991.917	330.3244444
992.276	332.9255556
992.635	331.6255556
992.994	344.1077778
993.353	346.9677778
993.712	348.0077778
994.071	345.6677778
994.43	344.1077778
994.789	349.3088889
995.147	346.7088889
995.506	343.5877778
995.864	345.9277778
996.223	345.6677778
996.581	346.1877778
996.939	340.7266667
997.297	335.5255556
997.656	334.4844444
998.014	333.4444444
998.372	337.3455556
998.729	342.8066667
999.087	351.1288889
999.445	343.3277778
999.803	343.8488889
1000.16	347.49
1000.518	349.83
1000.875	350.8711111
1001.233	353.2111111
1001.59	355.5511111
1001.947	357.3722222
1002.304	349.31
1002.661	348.2688889
1003.018	345.4077778
1003.375	343.8466667
1003.732	339.9455556
1004.089	338.1244444
1004.446	329.2833333
1004.802	320.4411111
1005.159	322.2611111
1005.516	323.8222222
1005.872	324.6033333
1006.228	328.5044444
1006.585	338.1266667
1006.941	349.57
1007.297	358.6722222
1007.653	362.0522222
1008.009	366.7333333
1008.365	358.6711111
1008.721	365.4322222
1009.076	366.2122222
1009.432	361.5311111
1009.788	352.9488889
1010.143	350.8677778
1010.499	341.2455556
1010.854	341.7655556
1011.21	342.5455556
1011.565	340.2055556
1011.92	337.6055556
1012.275	331.3633333
1012.63	331.1033333
1012.985	332.6644444
1013.34	326.4233333
1013.695	326.6833333
1014.049	328.7644444
1014.404	330.0655556
1014.759	338.1266667
1015.113	326.1633333
1015.468	325.6433333
1015.822	327.2033333
1016.176	323.5622222
1016.53	324.8622222
1016.885	329.2833333
1017.239	321.2211111
1017.593	312.6388889
1017.947	309.2588889
1018.3	319.4011111
1018.654	324.8622222
1019.008	321.4811111
1019.362	326.6822222
1019.715	330.8433333
1020.069	327.9833333
1020.422	336.8255556
1020.775	345.1477778
1021.128	352.4288889
1021.482	345.6677778
1021.835	348.2688889
1022.188	351.65
1022.541	345.9288889
1022.894	351.65
1023.246	353.99
1023.599	355.29
1023.952	353.2088889
1024.304	346.1877778
1024.657	349.0477778
1025.009	345.6666667
1025.362	344.1066667
1025.714	352.9488889
1026.066	336.3055556
1026.418	335.2655556
1026.77	330.0644444
1027.122	340.2066667
1027.474	339.9466667
1027.826	343.0677778
1028.178	338.3866667
1028.529	340.4666667
1028.881	333.9644444
1029.233	343.3266667
1029.584	339.6855556
1029.935	350.8677778
1030.287	339.4255556
1030.638	340.4655556
1030.989	340.9855556
1031.34	357.37
1031.691	355.81
1032.042	345.9277778
1032.393	341.7666667
1032.744	344.1077778
1033.095	330.3255556
1033.445	328.2455556
1033.796	321.2244444
1034.146	316.41375
1034.497	300.5314286
1034.847	292.6183333
1035.197	303.542
