wl	W
187.275	-5.12
187.74	-20.33333333
188.205	-19.49714286
188.671	-21.79625
189.136	-22.28333333
189.601	-33.72555556
190.066	-43.34777778
190.532	-55.31
190.997	-59.73111111
191.462	-52.44888889
191.927	-41.00666667
192.392	-35.54555556
192.857	-29.30333333
193.322	-23.58222222
193.786	3.463333333
194.251	22.70777778
194.716	40.13111111
195.181	60.41555556
195.646	80.44
196.11	110.0866667
196.575	135.8322222
197.04	167.5588889
197.504	204.7466667
197.969	227.3722222
198.433	253.1177778
198.898	281.9844444
199.362	315.0122222
199.826	344.3988889
200.291	361.0433333
200.755	377.4277778
201.219	393.8111111
201.684	402.3933333
202.148	407.5944444
202.612	419.5577778
203.076	433.0811111
203.54	442.9633333
204.004	439.0622222
204.468	439.5822222
204.932	437.2411111
205.396	432.56
205.86	431.78
206.324	434.6411111
206.788	429.18
207.251	424.7588889
207.715	416.1766667
208.179	410.4555556
208.642	415.9166667
209.106	419.0377778
209.57	417.4777778
210.033	413.8366667
210.497	406.8144444
210.96	411.4955556
211.424	407.3344444
211.887	409.1555556
212.35	418.7777778
212.814	405.5144444
213.277	401.6133333
213.74	406.2944444
214.203	410.1955556
214.667	402.3933333
215.13	397.4522222
215.593	396.6722222
216.056	397.9722222
216.519	384.4488889
216.982	386.27
217.445	392.5111111
217.908	382.6288889
218.37	379.2477778
218.833	384.45
219.296	381.0688889
219.759	381.0688889
220.221	377.6877778
220.684	390.4311111
221.147	394.5922222
221.609	386.7911111
222.072	393.0322222
222.534	398.4933333
222.997	404.4744444
223.459	405.5144444
223.922	408.8955556
224.384	406.2955556
224.846	410.7166667
225.309	412.0166667
225.771	416.1766667
226.233	415.3966667
226.695	405.2544444
227.157	406.8144444
227.619	409.6755556
228.081	407.0744444
228.543	413.3155556
229.005	414.3555556
229.467	413.0555556
229.929	413.8366667
230.391	419.2977778
230.853	418.7777778
231.315	414.6166667
231.776	417.4766667
232.238	414.0955556
232.7	412.2744444
233.161	401.6122222
233.623	406.8133333
234.084	407.8533333
234.546	407.0733333
235.007	415.1355556
235.469	419.2966667
235.93	422.9377778
236.391	429.18
236.853	423.4588889
237.314	431.26
237.775	427.6188889
238.236	419.5566667
238.697	416.9566667
239.159	419.8177778
239.62	414.3566667
240.081	410.9755556
240.542	418.5166667
241.003	423.9777778
241.463	422.6777778
241.924	427.3588889
242.385	432.82
242.846	436.2
243.307	428.9177778
243.767	435.9388889
244.228	433.0788889
244.689	423.7166667
245.149	426.5777778
245.61	429.6988889
246.07	424.7577778
246.531	430.74
246.991	429.18
247.451	431.26
247.912	428.66
248.372	432.04
248.832	436.2011111
249.293	438.5422222
249.753	430.74
250.213	422.6777778
250.673	420.5966667
251.133	418.5166667
251.593	417.4766667
252.053	418.2566667
252.513	414.0966667
252.973	407.8555556
253.433	406.2944444
253.893	412.0155556
254.352	426.5788889
254.812	415.1366667
255.272	411.4955556
255.732	411.7555556
256.191	410.4555556
256.651	419.8166667
257.11	419.2966667
257.57	419.5566667
258.029	413.5755556
258.489	412.7955556
258.948	427.3588889
259.407	431.26
259.867	437.2422222
260.326	442.1833333
260.785	435.6822222
261.244	440.3633333
261.703	427.1011111
262.163	429.4422222
262.622	418
263.081	410.7177778
263.54	409.9366667
263.999	413.5766667
264.457	410.4555556
264.916	408.8955556
265.375	409.9355556
265.834	420.5977778
266.293	426.0588889
266.751	428.6588889
267.21	433.08
267.669	435.1611111
268.127	431.26
268.586	425.2788889
269.044	428.1388889
269.503	434.38
269.961	430.2188889
270.419	424.2366667
270.878	432.0388889
271.336	438.02
271.794	442.1811111
272.252	443.2222222
272.711	448.9433333
273.169	447.6433333
273.627	449.2044444
274.085	457.0055556
274.543	459.0866667
275.001	455.1855556
275.459	443.2233333
275.917	439.8422222
276.374	442.1822222
276.832	440.6222222
277.29	435.9411111
277.748	430.4788889
278.205	431.78
278.663	433.86
279.121	427.8788889
279.578	435.9411111
280.036	438.8022222
280.493	432.0411111
280.951	429.44
281.408	430.74
281.865	432.5611111
282.323	425.7988889
282.78	427.1
283.237	437.7622222
283.694	441.4022222
284.151	435.16
284.609	440.1011111
285.066	445.5622222
285.523	440.3611111
285.98	430.7388889
286.437	439.0611111
286.893	443.2211111
287.35	440.88
287.807	438.28
288.264	446.3422222
288.721	443.7411111
289.177	445.8222222
289.634	456.7455556
290.09	467.9277778
290.547	465.5877778
291.004	452.3255556
291.46	450.2455556
291.916	446.3444444
292.373	446.3444444
292.829	446.8644444
293.286	440.6222222
293.742	441.6622222
294.198	439.3222222
294.654	442.4422222
295.11	446.3422222
295.566	452.5833333
296.022	458.3044444
296.478	451.2833333
296.934	449.2033333
297.39	444.5233333
297.846	435.6811111
298.302	428.6588889
298.758	426.3188889
299.214	428.92
299.669	416.6977778
300.125	411.2366667
300.581	413.5766667
301.036	414.3566667
301.492	420.8577778
301.947	422.4177778
302.403	428.92
302.858	427.3588889
303.314	427.0988889
303.769	436.4611111
304.224	438.2811111
304.68	438.2811111
305.135	441.1422222
305.59	440.3622222
306.045	446.0844444
306.5	445.5633333
306.955	442.4433333
307.41	439.3222222
307.865	436.9811111
308.32	435.6811111
308.775	434.3811111
309.23	431.26
309.685	432.82
310.139	432.82
310.594	436.2011111
311.049	441.9222222
311.503	445.5633333
311.958	449.4644444
312.413	447.9044444
312.867	453.8855556
313.322	454.1455556
313.776	457.5266667
314.23	458.8266667
314.685	462.7277778
315.139	460.3866667
315.593	454.6655556
316.047	454.1455556
316.502	458.5666667
316.956	455.7055556
317.41	456.2255556
317.864	458.5655556
318.318	459.3455556
318.772	455.9644444
319.226	459.3455556
319.68	464.2866667
320.133	459.8655556
320.587	458.5655556
321.041	454.4055556
321.495	459.0866667
321.948	454.9255556
322.402	446.6033333
322.855	436.4611111
323.309	433.8611111
323.762	436.7222222
324.216	431.5211111
324.669	433.0811111
325.123	439.3222222
325.576	434.9011111
326.029	439.3222222
326.482	448.1644444
326.935	460.3877778
327.389	467.6688889
327.842	467.6688889
328.295	483.2722222
328.748	479.3711111
329.201	470.5288889
329.654	471.0488889
330.107	464.8077778
330.559	453.8855556
331.012	440.6222222
331.465	431.52
331.918	429.6988889
332.37	419.2966667
332.823	412.7955556
333.275	420.5977778
333.728	421.3788889
334.18	426.32
334.633	433.6011111
335.085	443.2233333
335.538	443.4833333
335.99	440.1022222
336.442	442.7033333
336.894	449.9844444
337.347	445.0433333
337.799	441.4022222
338.251	434.3811111
338.703	445.0433333
339.155	443.4833333
339.607	447.1244444
340.059	457.7877778
340.511	457.7877778
340.963	461.1688889
341.414	468.71
341.866	463.2488889
342.318	469.23
342.769	458.8277778
343.221	451.8055556
343.673	451.0255556
344.124	440.1022222
344.576	438.5411111
345.027	438.5411111
345.478	430.2188889
345.93	447.6422222
346.381	440.62
346.832	432.5588889
347.284	442.4411111
347.735	448.6822222
348.186	456.2244444
348.637	452.5833333
349.088	443.2211111
349.539	440.8811111
349.99	431.5188889
350.441	435.16
350.892	445.3022222
351.343	435.94
351.793	433.08
352.244	428.3988889
352.695	436.4611111
353.146	446.8633333
353.596	454.6655556
354.047	443.7433333
354.497	446.0844444
354.948	435.4222222
355.398	435.9422222
355.848	433.6011111
356.299	434.3811111
356.749	428.92
357.199	426.06
357.65	424.7588889
358.1	441.4022222
358.55	436.2
359	437.24
359.45	449.2033333
359.9	448.6833333
360.35	449.2033333
360.8	448.6833333
361.25	445.5622222
361.699	452.5844444
362.149	449.7244444
362.599	453.6255556
363.049	459.6066667
363.498	449.2044444
363.948	442.1833333
364.397	446.0844444
364.847	446.3444444
365.296	448.4244444
365.746	444.7833333
366.195	438.0211111
366.644	435.1611111
367.094	435.1611111
367.543	441.4022222
367.992	444.2622222
368.441	447.1233333
368.89	444.7822222
369.339	442.1822222
369.788	442.7022222
370.237	446.3433333
370.686	447.3833333
371.135	434.38
371.584	434.12
372.033	434.38
372.482	423.7166667
372.93	426.3177778
373.379	429.6977778
373.827	428.1377778
374.276	423.4566667
374.725	421.6366667
375.173	434.38
375.621	428.3988889
376.07	431.78
376.518	442.4433333
376.966	448.1644444
377.415	449.7255556
377.863	440.8833333
378.311	448.4255556
378.759	462.7277778
379.207	472.35
379.655	465.3277778
380.103	462.9866667
380.551	462.4666667
380.999	456.2255556
381.447	449.7233333
381.895	455.7044444
382.342	456.4844444
382.79	451.0233333
383.238	439.06
383.685	445.5622222
384.133	451.8044444
384.58	447.1233333
385.028	445.8233333
385.475	459.6066667
385.923	463.2477778
386.37	464.8077778
386.817	460.9077778
387.265	464.2888889
387.712	467.1488889
388.159	455.9655556
388.606	462.9866667
389.053	463.7666667
389.5	457.0055556
389.947	454.4044444
390.394	443.2222222
390.841	437.76
391.288	430.4788889
391.735	432.3
392.181	440.8822222
392.628	434.6411111
393.075	438.5422222
393.521	433.3411111
393.968	432.0411111
394.414	438.2822222
394.861	445.0444444
395.307	452.5855556
395.754	449.4644444
396.2	448.1644444
396.646	446.0833333
397.093	446.3433333
397.539	448.1633333
397.985	444.0022222
398.431	440.3622222
398.877	443.4822222
399.323	444.7833333
399.769	449.7244444
400.215	451.8044444
400.661	457.7866667
401.107	459.3466667
401.552	466.1088889
401.998	469.75
402.444	479.1111111
402.889	478.0711111
403.335	480.9311111
403.781	479.6311111
404.226	479.3711111
404.672	474.69
405.117	477.8111111
405.562	475.73
406.008	473.91
406.453	475.2111111
406.898	478.5922222
407.343	487.4344444
407.789	492.6355556
408.234	490.2955556
408.679	491.0755556
409.124	497.5766667
409.569	501.9977778
410.014	508.2388889
410.458	509.2788889
410.903	509.0188889
411.348	498.0966667
411.793	505.6377778
412.237	515.52
412.682	527.4822222
413.127	531.9033333
413.571	543.0855556
414.016	560.51
414.46	574.8133333
414.904	589.6366667
415.349	612.2611111
415.793	623.9644444
416.237	638.2677778
416.682	657.2522222
417.126	676.2366667
417.57	687.94
418.014	705.1033333
418.458	721.4866667
418.902	751.9133333
419.346	770.1177778
419.79	795.3433333
420.233	820.0488889
420.677	832.5322222
421.121	848.6555556
421.565	880.6422222
422.008	897.0255556
422.452	919.9111111
422.895	938.6355556
423.339	970.6233333
423.782	1004.171111
424.226	1036.417778
424.669	1078.026667
425.113	1114.435556
425.556	1155.525556
425.999	1195.055556
426.442	1247.067778
426.885	1294.918889
427.328	1342.77
427.771	1387.24
428.214	1444.453333
428.657	1499.065556
429.1	1570.841111
429.543	1641.056667
429.986	1723.235556
430.429	1797.612222
430.871	1884.732222
431.314	1979.913333
431.757	2093.558889
432.199	2197.063333
432.642	2320.592222
433.084	2448.542222
433.527	2580.392222
433.969	2726.025556
434.411	2888.563333
434.854	3039.657778
435.296	3214.937778
435.738	3383.456667
436.18	3571.738889
436.622	3783.427778
437.064	3988.354444
437.506	4218.507778
437.948	4450.48
438.39	4691.294444
438.832	4967.737778
439.274	5236.64
439.715	5554.433333
440.157	5876.387778
440.599	6215.764444
441.04	6595.971111
441.482	6974.877778
441.924	7431.282222
442.365	7885.606667
442.806	8358.134444
443.248	8907.12
443.689	9469.107778
444.13	10067.50444
444.572	10691.64778
445.013	11353.76
445.454	12071.78444
445.895	12794.49
446.336	13605.87556
446.777	14463.03222
447.218	15327.21
447.659	16253.54222
448.1	17237.08778
448.54	18274.20556
448.981	19404.42444
449.422	20567.41
449.863	21826.87889
450.303	23125.35556
450.744	24453.74
451.184	25858.32111
451.625	27303.21222
452.065	28727.55778
452.505	30198.97444
452.946	31707.31889
453.386	33236.99
453.826	34732.85222
454.266	36168.64111
454.707	37643.43778
455.147	39060.24222
455.587	40356.63889
456.027	41634.57111
456.467	42811.34
456.906	43865.10111
457.346	44810.15667
457.786	45600.21778
458.226	46324.48333
458.666	46830.03889
459.105	47185.28
459.545	47528.81889
459.984	47745.96889
460.424	47753.25111
460.863	47654.94889
461.303	47493.45222
461.742	47230.53111
462.181	46856.30556
462.621	46449.57333
463.06	46042.58
463.499	45508.41778
463.938	44954.23111
464.377	44510.30889
464.816	44012.03444
465.255	43515.32111
465.694	43058.39667
466.133	42676.89
466.572	42356.75667
467.01	41983.31111
467.449	41674.1
467.888	41417.42111
468.326	41213.01444
468.765	41066.34111
469.203	40947.23333
469.642	40931.89
470.08	40918.88667
470.519	40856.21222
470.957	40927.46889
471.395	41007.82667
471.834	41083.50444
472.272	41094.16667
472.71	41091.56667
473.148	41073.10222
473.586	40936.57111
474.024	40816.42333
474.462	40735.80444
474.9	40582.10889
475.338	40374.06222
475.775	40150.67111
476.213	39972.01111
476.651	39724.69444
477.088	39466.19556
477.526	39244.62444
477.964	38936.19444
478.401	38599.93778
478.838	38201.78667
479.276	37847.32556
479.713	37480.64111
480.15	37041.4
480.588	36703.58222
481.025	36347.56111
481.462	36054.21444
481.899	35725.75889
482.336	35414.46778
482.773	35203.3
483.21	34998.89222
483.647	34799.16667
484.084	34713.08667
484.521	34555.49111
484.957	34451.98667
485.394	34383.59111
485.831	34389.31222
486.267	34422.34
486.704	34422.08
487.14	34406.73667
487.577	34472.01111
488.013	34507.64
488.45	34567.19333
488.886	34585.65778
489.322	34582.79667
489.758	34638.97
490.195	34653.53333
490.631	34738.05222
491.067	34817.89111
491.503	34817.37111
491.939	34871.46333
492.375	34956.76222
492.81	35062.60667
493.246	35189.25556
493.682	35255.57
494.118	35383.51889
494.553	35511.98889
494.989	35608.73111
495.424	35809.49778
495.86	35922.62333
496.295	36064.09667
496.731	36242.23778
497.166	36327.01778
497.602	36501.25778
498.037	36676.01778
498.472	36823.21111
498.907	37015.65444
499.342	37185.99333
499.777	37412.50556
500.212	37633.55556
500.647	37840.82222
501.082	38071.23444
501.517	38244.17444
501.952	38459.76333
502.387	38651.94778
502.821	38913.82778
503.256	39123.17556
503.69	39256.06556
504.125	39477.37667
504.56	39668.52111
504.994	39848.48222
505.428	40066.67222
505.863	40299.68556
506.297	40506.43222
506.731	40679.89222
507.165	40874.93667
507.6	41148.78
508.034	41320.41889
508.468	41498.81889
508.902	41743.01556
509.336	41968.48667
509.77	42131.28444
510.203	42324.76889
510.637	42512.79222
511.071	42737.74333
511.505	42897.94
511.938	43090.12444
512.372	43304.93444
512.805	43475.53333
513.239	43663.29667
513.672	43877.06556
514.106	44047.66444
514.539	44242.44889
514.972	44397.44444
515.406	44533.97556
515.839	44675.70778
516.272	44809.89778
516.705	44961.25222
517.138	45056.95444
517.571	45163.83889
518.004	45306.35222
518.437	45440.02222
518.87	45589.55667
519.302	45709.18333
519.735	45800.98444
520.168	45881.08333
520.6	46007.21222
521.033	46120.59778
521.466	46209.01778
521.898	46300.29778
522.33	46312.78111
522.763	46366.61333
523.195	46448.79222
523.627	46521.60889
524.06	46653.97889
524.492	46722.11444
524.924	46786.34889
525.356	46795.71111
525.788	46927.82222
526.22	47035.74667
526.652	47083.33778
527.084	47124.68778
527.516	47225.07
527.947	47251.59667
528.379	47265.64
528.811	47298.92778
529.242	47433.89889
529.674	47425.31667
530.105	47480.18889
530.537	47540.26222
530.968	47700.45889
531.399	47724.38444
531.831	47819.04556
532.262	47853.11333
532.693	47930.35111
533.124	47934.51222
533.555	47958.43778
533.986	48025.53333
534.417	48034.11556
534.848	48030.21444
535.279	48136.83889
535.71	48156.08333
536.141	48257.76667
536.572	48337.60556
537.002	48387.27667
537.433	48492.08
537.863	48507.42333
538.294	48617.16889
538.724	48685.56444
539.155	48689.46556
539.585	48765.14333
540.015	48809.35333
540.446	48871.50667
540.876	48928.98
541.306	48989.57444
541.736	49066.29222
542.166	49177.33778
542.596	49286.56333
543.026	49416.85333
543.456	49422.83444
543.886	49495.39111
544.316	49580.43111
544.745	49701.09889
545.175	49791.85889
545.605	49855.83333
546.034	49841.00889
546.464	49890.68
546.893	49901.60222
547.323	50012.38778
547.752	50099.50778
548.181	50108.87
548.611	50169.72333
549.04	50204.83222
549.469	50290.91222
549.898	50379.85333
550.327	50393.37667
550.756	50509.10333
551.185	50549.15222
551.614	50590.76111
552.043	50651.35444
552.472	50667.99889
552.9	50697.64556
553.329	50710.90889
553.758	50738.99556
554.186	50770.46222
554.615	50740.81556
555.043	50794.12778
555.472	50871.36556
555.9	50988.91222
556.328	51106.45889
556.757	51186.29667
557.185	51265.35444
557.613	51333.49
558.041	51421.91
558.469	51554.02
558.897	51684.83
559.325	51785.73333
559.753	51839.04556
560.181	51954.51222
560.609	52144.87556
561.037	52367.48667
561.464	52557.33
561.892	52783.58222
562.319	53017.11556
562.747	53191.87556
563.175	53399.92333
563.602	53634.23778
564.029	53861.26889
564.457	54029.52778
564.884	54229.25333
565.311	54447.18333
565.738	54617.52222
566.165	54725.18778
566.592	54884.34444
567.019	54947.27889
567.446	55056.24333
567.873	55107.21556
568.3	55137.12222
568.727	55141.28333
569.154	55158.18667
569.58	55155.32556
570.007	55154.28444
570.434	55076.52667
570.86	55084.32889
571.287	55006.83111
571.713	54903.32778
572.139	54810.22667
572.566	54730.64889
572.992	54641.96889
573.418	54576.17444
573.844	54515.58111
574.27	54473.19111
574.696	54407.91556
575.122	54337.18
575.548	54275.28556
575.974	54249.8
576.4	54168.92111
576.826	54142.13444
577.252	54044.35222
577.677	53982.19778
578.103	53960.09222
578.528	53887.53556
578.954	53869.33111
579.379	53900.53778
579.805	53885.97444
580.23	53935.64556
580.655	53954.89
581.081	53968.15222
581.506	53940.06556
581.931	53940.06556
582.356	53911.19889
582.781	53880.25111
583.206	53863.86778
583.631	53858.14667
584.056	53819.13778
584.481	53737.73889
584.905	53726.03667
585.33	53719.53556
585.755	53652.18
586.179	53640.47778
586.604	53658.68222
587.028	53603.02889
587.453	53591.06556
587.877	53535.67333
588.302	53506.28667
588.726	53468.57778
589.15	53431.38889
589.574	53393.16111
589.998	53361.43333
590.422	53282.11556
590.846	53209.03889
591.27	53123.22
591.694	53044.16111
592.118	52986.16778
592.542	52862.64
592.966	52790.60333
593.389	52763.29667
593.813	52709.72444
594.236	52630.92667
594.66	52609.34222
595.083	52558.89
595.507	52482.43333
595.93	52411.43778
596.354	52350.32333
596.777	52270.48556
597.2	52233.81667
597.623	52145.13667
598.046	52071.54
598.469	51998.72333
598.892	51868.17333
599.315	51859.07111
599.738	51860.63111
600.161	51886.11667
600.584	51911.08222
601.006	51936.30889
601.429	52048.65444
601.851	52175.30333
602.274	52228.61556
602.696	52384.13111
603.119	52492.05556
603.541	52565.39222
603.964	52705.30444
604.386	52792.68444
604.808	52802.30667
605.23	52839.75556
605.652	52900.86889
606.074	52965.62333
606.496	52986.42889
606.918	53024.91778
607.34	53044.68222
607.762	52987.73
608.184	52900.61
608.606	52865.24111
609.027	52754.45556
609.449	52546.40778
609.87	52356.30444
610.292	52156.31778
610.713	51884.29556
611.135	51586.52778
611.556	51294.74
611.977	50948.86111
612.398	50553.57111
612.82	50129.93444
613.241	49788.73667
613.662	49342.21444
614.083	48878.00889
614.504	48429.14556
614.925	47959.73778
615.345	47510.87556
615.766	47095.82
616.187	46643.57667
616.608	46236.06333
617.028	45706.84222
617.449	45307.13111
617.869	44849.42556
618.29	44417.98778
618.71	43986.54889
619.131	43515.58111
619.551	43060.73778
619.971	42636.84
620.391	42176.01444
620.811	41754.45778
621.231	41331.08111
621.651	40905.36444
622.071	40492.12889
622.491	40039.10556
622.911	39665.4
623.331	39232.66111
623.751	38851.41444
624.17	38504.49444
624.59	38120.38667
625.009	37728.73667
625.429	37398.98111
625.848	37027.87667
626.268	36678.09667
626.687	36258.88111
627.106	35942.90778
627.526	35576.22333
627.945	35198.61778
628.364	34876.40444
628.783	34503.47889
629.202	34137.57444
629.621	33825.24333
630.04	33496.52778
630.459	33168.33222
630.878	32770.18111
631.296	32398.29667
631.715	32042.01444
632.134	31729.94222
632.552	31418.65111
632.971	31072.25222
633.389	30668.38
633.807	30323.80111
634.226	30019.01111
634.644	29723.06333
635.062	29408.91111
635.48	29103.34111
635.899	28744.45889
636.317	28433.94778
636.735	28150.74333
637.153	27854.27444
637.57	27560.40778
637.988	27228.57222
638.406	26941.20667
638.824	26627.05444
639.241	26301.98
639.659	25996.41111
640.077	25651.05222
640.494	25338.46
640.912	25057.59667
641.329	24715.61778
641.746	24412.64778
642.164	24135.42444
642.581	23860.54222
642.998	23568.23556
643.415	23322.73889
643.832	23075.42222
644.249	22815.62333
644.666	22535.53889
645.083	22318.65
645.5	22081.99667
645.916	21784.48889
646.333	21537.95222
646.75	21276.85222
647.166	21011.85111
647.583	20751.53111
647.999	20478.46889
648.416	20230.37222
648.832	19968.75222
649.249	19709.73222
649.665	19477.75889
650.081	19205.47667
650.497	18960.76111
650.913	18722.28667
651.329	18483.55222
651.745	18201.12667
652.161	17928.32444
652.577	17697.91111
652.993	17457.09667
653.409	17204.57889
653.824	16987.42889
654.24	16755.19556
654.655	16525.04333
655.071	16297.49111
655.486	16085.80333
655.902	15879.31556
656.317	15662.68667
656.732	15436.69444
657.148	15211.48333
657.563	14998.49444
657.978	14799.02889
658.393	14564.45556
658.808	14371.49111
659.223	14182.94778
659.638	13980.88111
660.053	13798.05889
660.467	13604.83444
660.882	13397.04667
661.297	13160.39222
661.711	12942.98222
662.126	12744.29667
662.54	12515.96444
662.955	12319.09889
663.369	12108.19111
663.784	11856.97333
664.198	11655.16778
664.612	11482.74778
665.026	11313.45
665.44	11137.65
665.854	10947.54556
666.268	10777.98778
666.682	10598.54667
667.096	10415.98444
667.51	10258.90889
667.924	10077.64667
668.337	9914.85
668.751	9729.946667
669.164	9575.731111
669.578	9422.816667
669.991	9246.495556
670.405	9100.082222
670.818	8957.31
671.231	8779.688889
671.645	8644.458889
672.058	8509.487778
672.471	8403.644444
672.884	8263.212222
673.297	8136.043333
673.71	8012.255556
674.123	7910.052222
674.536	7791.465556
674.948	7698.364444
675.361	7587.318889
675.774	7474.453333
676.186	7345.203333
676.599	7225.576667
677.011	7125.973333
677.424	7044.834444
677.836	6901.542222
678.248	6803.238889
678.661	6690.373333
679.073	6575.686667
679.485	6475.823333
679.897	6409.507778
680.309	6328.108889
680.721	6237.348889
681.133	6127.603333
681.545	6061.547778
681.957	5966.886667
682.368	5895.11
682.78	5821.513333
683.192	5741.155556
683.603	5647.794444
684.015	5561.974444
684.426	5481.355556
684.837	5410.1
685.249	5332.862222
685.66	5256.144444
686.071	5186.708889
686.482	5116.753333
686.893	5044.196667
687.304	4979.962222
687.715	4892.062222
688.126	4813.524444
688.537	4757.871111
688.948	4687.395556
689.359	4614.578889
689.769	4537.861111
690.18	4474.145556
690.591	4401.068889
691.001	4346.196667
691.411	4314.47
691.822	4263.757778
692.232	4213.046667
692.642	4147.251111
693.053	4101.741111
693.463	4063.512222
693.873	4009.16
694.283	3978.732222
694.693	3916.057778
695.103	3857.543333
695.513	3796.69
695.922	3728.554444
696.332	3678.623333
696.742	3627.391111
697.151	3569.917778
697.561	3512.444444
697.97	3455.492222
698.38	3401.92
698.789	3366.292222
699.199	3327.803333
699.608	3283.853333
700.017	3234.962222
700.426	3208.696667
700.835	3187.892222
701.244	3152.524444
701.653	3105.453333
702.062	3070.084444
702.471	3021.713333
702.88	2978.543333
703.289	2941.614444
703.697	2900.524444
704.106	2851.112222
704.514	2791.558889
704.923	2755.931111
705.331	2709.9
705.74	2670.111111
706.148	2631.362222
706.556	2600.935556
706.965	2561.926667
707.373	2543.463333
707.781	2515.897778
708.189	2486.511111
708.597	2461.805556
709.005	2440.741111
709.413	2411.874444
709.82	2378.846667
710.228	2353.881111
710.636	2329.955556
711.043	2286.265556
711.451	2238.934444
711.858	2215.788889
712.266	2171.578889
712.673	2142.452222
713.081	2110.205556
713.488	2076.137778
713.895	2038.948889
714.302	2003.321111
714.709	1984.076667
715.116	1962.752222
715.523	1925.303333
715.93	1906.838889
716.337	1880.833333
716.744	1862.888889
717.15	1843.384444
717.557	1818.938889
717.964	1799.954444
718.37	1777.068889
718.777	1764.065556
719.183	1750.282222
719.589	1724.535556
719.996	1699.31
720.402	1662.381111
720.808	1637.155556
721.214	1614.79
721.62	1597.625556
722.026	1573.44
722.432	1546.133333
722.838	1518.827778
723.244	1506.085556
723.65	1490.741111
724.055	1480.598889
724.461	1460.574444
724.867	1441.07
725.272	1411.423333
725.678	1392.438889
726.083	1377.875556
726.488	1363.832222
726.894	1348.748889
727.299	1331.845556
727.704	1313.121111
728.109	1300.117778
728.514	1284.254444
728.919	1272.552222
729.324	1262.93
729.729	1250.967778
730.134	1236.144444
730.538	1221.581111
730.943	1219.501111
731.348	1196.356667
731.752	1192.456667
732.157	1190.896667
732.561	1177.373333
732.966	1163.33
733.37	1142.525556
733.774	1140.965556
734.178	1127.182222
734.582	1106.376667
734.987	1097.274444
735.391	1080.63
735.795	1063.725556
736.198	1062.425556
736.602	1051.503333
737.006	1045.261111
737.41	1034.337778
737.813	1026.795556
738.217	1016.133333
738.621	1015.353333
739.024	1007.031111
739.427	993.7677778
739.831	980.7644444
740.234	965.1611111
740.637	962.8211111
741.04	943.5766667
741.444	933.4344444
741.847	926.9333333
742.25	911.8488889
742.652	909.2488889
743.055	903.2677778
743.458	902.2277778
743.861	899.3666667
744.264	887.6633333
744.666	880.1222222
745.069	873.3611111
745.471	863.4788889
745.874	860.0988889
746.276	850.4766667
746.678	841.3744444
747.081	830.7122222
747.483	829.9322222
747.885	822.3911111
748.287	819.79
748.689	814.3288889
749.091	807.0466667
749.493	803.4055556
749.895	795.0833333
750.296	791.1822222
750.698	785.46
751.1	781.2988889
751.501	775.8377778
751.903	776.3577778
752.304	774.7966667
752.706	775.5766667
753.107	768.8155556
753.508	764.3944444
753.909	762.0544444
754.311	752.9533333
754.712	751.9133333
755.113	746.9722222
755.514	739.4311111
755.915	724.3477778
756.315	722.2677778
756.716	726.9488889
757.117	718.8877778
757.518	716.8077778
757.918	718.6277778
758.319	707.1844444
758.719	710.5644444
759.12	702.5022222
759.52	699.3822222
759.92	695.2211111
760.321	677.0166667
760.721	668.6944444
761.121	664.0133333
761.521	656.2111111
761.921	654.1311111
762.321	646.59
762.721	637.2277778
763.12	639.0477778
763.52	630.4655556
763.92	632.0255556
764.319	633.0655556
764.719	620.0622222
765.118	617.7222222
765.518	610.7011111
765.917	605.76
766.317	610.9611111
766.716	606.02
767.115	600.0388889
767.514	604.98
767.913	597.6988889
768.312	602.9
768.711	592.2377778
769.11	589.8966667
769.509	584.6955556
769.907	580.0144444
770.306	576.8933333
770.705	573.7722222
771.103	564.15
771.502	571.9511111
771.9	573.7711111
772.299	574.2911111
772.697	576.8922222
773.095	577.1522222
773.493	582.0933333
773.891	580.2733333
774.29	581.0544444
774.688	587.5566667
775.085	590.4177778
775.483	589.3777778
775.881	586.7766667
776.279	583.3955556
776.677	574.8133333
777.074	568.3122222
777.472	559.99
777.869	557.1288889
778.267	542.5655556
778.664	539.7044444
779.061	534.7633333
779.459	536.8444444
779.856	528.7822222
780.253	539.7044444
780.65	532.6833333
781.047	542.8255556
781.444	544.9055556
781.841	543.8644444
782.238	535.2822222
782.634	530.8611111
783.031	528.78
783.428	530.3411111
783.824	521.4988889
784.221	525.3988889
784.617	516.2966667
785.014	506.4144444
785.41	505.1144444
785.806	502.7744444
786.202	505.6355556
786.598	504.5955556
786.994	503.8144444
787.39	507.1955556
787.786	508.2366667
788.182	501.9955556
788.578	510.8377778
788.974	509.5377778
789.369	504.0766667
789.765	493.6744444
790.161	485.8722222
790.556	483.5322222
790.952	477.8111111
791.347	473.91
791.742	474.95
792.137	465.8477778
792.533	466.1077778
792.928	466.3677778
793.323	465.0666667
793.718	473.3888889
794.113	482.7511111
794.508	484.8311111
794.902	481.45
795.297	488.9922222
795.692	490.5533333
796.086	499.3955556
796.481	500.4355556
796.875	502.7766667
797.27	497.8355556
797.664	492.3744444
798.058	488.9944444
798.453	482.2333333
798.847	478.8522222
799.241	478.8522222
799.635	467.9288889
800.029	468.1888889
800.423	466.8888889
800.817	469.23
801.21	465.5888889
801.604	471.05
801.998	476.7711111
802.391	470.27
802.785	478.8511111
803.178	473.91
803.572	465.8477778
803.965	460.9066667
804.358	457.2655556
804.752	454.4044444
805.145	440.6211111
805.538	442.4411111
805.931	445.3022222
806.324	435.16
806.717	439.3211111
807.11	448.4233333
807.502	446.8622222
807.895	441.4011111
808.288	436.2
808.68	447.1222222
809.073	445.8222222
809.465	445.5611111
809.858	442.7011111
810.25	436.46
810.642	430.9988889
811.034	432.82
811.426	432.82
811.818	439.8422222
812.21	431
812.602	426.8388889
812.994	427.1
813.386	428.66
813.778	430.74
814.169	425.2788889
814.561	426.8388889
814.953	430.48
815.344	424.4988889
815.736	420.3388889
816.127	423.72
816.518	420.8588889
816.909	417.4777778
817.301	414.3577778
817.692	410.1966667
818.083	410.9766667
818.474	406.5555556
818.865	412.0166667
819.255	426.58
819.646	425.54
820.037	424.5
820.428	424.5
820.818	435.1622222
821.209	432.0422222
821.599	431.0022222
821.99	435.1622222
822.38	426.84
822.77	421.1177778
823.16	417.9966667
823.55	417.4766667
823.94	420.0777778
824.33	419.5577778
824.72	426.5788889
825.11	416.6966667
825.5	417.4777778
825.89	427.62
826.28	426.84
826.669	428.4
827.059	429.7
827.448	425.7988889
827.838	422.4177778
828.227	423.7177778
828.616	433.86
829.005	431.7788889
829.395	431.5188889
829.784	429.4388889
830.173	423.1977778
830.562	417.7366667
830.951	417.7366667
831.339	414.0955556
831.728	421.3777778
832.117	421.8977778
832.506	417.7366667
832.894	398.4922222
833.283	395.1111111
833.671	395.1111111
834.059	397.4511111
834.448	407.3333333
834.836	415.9155556
835.224	413.5744444
835.612	409.9333333
836	405.7722222
836.388	415.9144444
836.776	412.7933333
837.164	414.8733333
837.552	419.8144444
837.94	410.4522222
838.327	401.35
838.715	401.35
839.103	397.1888889
839.49	404.4711111
839.877	402.9111111
840.265	405.7722222
840.652	409.4133333
841.039	401.6122222
841.426	402.1322222
841.813	404.4733333
842.2	386.79
842.587	396.4122222
842.974	393.0311111
843.361	393.8111111
843.748	395.8911111
844.134	390.69
844.521	398.2311111
844.908	393.55
845.294	389.9088889
845.681	404.4722222
846.067	404.9933333
846.453	401.8733333
846.839	407.8544444
847.226	411.2355556
847.612	411.2355556
847.998	406.2944444
848.384	408.8955556
848.77	410.7155556
849.155	408.1144444
849.541	404.9933333
849.927	409.9344444
850.312	407.0744444
850.698	401.3533333
851.084	398.4922222
851.469	393.2911111
851.854	393.5511111
852.24	395.3722222
852.625	396.6722222
853.01	394.5911111
853.395	393.03
853.78	399.7911111
854.165	405.7722222
854.55	403.6922222
854.935	411.4944444
855.32	412.7944444
855.704	405.7722222
856.089	402.6522222
856.474	397.4511111
856.858	396.6711111
857.243	389.65
857.627	382.6288889
858.011	395.6322222
858.396	388.87
858.78	389.13
859.164	394.8511111
859.548	403.6933333
859.932	406.5544444
860.316	409.4155556
860.7	401.6133333
861.083	412.7955556
861.467	414.6155556
861.851	422.1577778
862.234	422.4177778
862.618	427.88
863.001	413.8366667
863.385	412.7966667
863.768	407.0755556
864.151	413.5766667
864.534	402.6544444
864.918	389.9111111
865.301	384.71
865.684	388.0911111
866.066	379.5088889
866.449	387.57
866.832	389.91
867.215	396.1511111
867.597	395.1111111
867.98	393.03
868.363	396.6711111
868.745	399.5311111
869.127	392.2488889
869.51	401.0911111
869.892	408.8933333
870.274	408.6333333
870.656	412.2744444
871.038	417.4755556
871.42	423.4577778
871.802	426.8388889
872.184	420.3377778
872.566	422.1588889
872.948	412.2766667
873.329	402.1344444
873.711	411.7566667
874.092	400.5733333
874.474	393.8122222
874.855	387.31
875.236	386.79
875.618	390.6911111
875.999	383.6688889
876.38	380.2877778
876.761	386.0088889
877.142	383.1488889
877.523	387.31
877.904	386.27
878.285	394.3322222
878.665	383.67
879.046	379.5088889
879.426	387.3111111
879.807	393.5522222
880.187	392.2522222
880.568	378.9888889
880.948	378.4688889
881.328	382.8888889
881.708	371.9666667
882.089	376.6477778
882.469	376.9077778
882.849	382.3688889
883.228	376.6477778
883.608	370.6666667
883.988	372.4866667
884.368	373.5266667
884.747	368.0655556
885.127	371.4455556
885.506	373.5255556
885.886	376.9066667
886.265	374.3066667
886.645	376.9077778
887.024	389.65
887.403	389.65
887.782	387.83
888.161	387.57
888.54	389.9111111
888.919	394.8522222
889.298	399.5333333
889.676	403.6933333
890.055	410.7144444
890.434	403.4333333
890.812	405.5144444
891.191	403.1733333
891.569	404.2133333
891.948	414.6155556
892.326	403.1733333
892.704	397.4522222
893.082	397.4522222
893.46	394.3311111
893.838	398.4922222
894.216	399.0122222
894.594	399.2722222
894.972	403.9533333
895.35	393.5511111
895.727	401.3522222
896.105	402.1322222
896.482	392.7711111
896.86	393.0311111
897.237	381.5877778
897.615	388.6088889
897.992	399.7922222
898.369	390.4311111
898.746	386.79
899.123	389.9111111
899.5	387.83
899.877	397.1911111
900.254	390.95
900.631	393.2911111
901.007	381.3288889
901.384	369.8855556
901.761	377.1666667
902.137	382.8877778
902.514	373.0055556
902.89	375.8666667
903.266	369.1055556
903.642	371.7066667
904.019	376.1277778
904.395	384.71
904.771	390.9522222
905.147	392.2522222
905.523	394.5933333
905.898	395.8933333
906.274	402.1344444
906.65	406.2955556
907.026	402.3944444
907.401	402.6544444
907.777	402.6544444
908.152	407.3355556
908.527	410.4566667
908.903	399.2744444
909.278	406.0366667
909.653	399.7955556
910.028	397.9755556
910.403	408.3777778
910.778	396.4144444
911.153	398.2344444
911.528	383.6711111
911.902	381.59
912.277	378.9888889
912.652	374.0477778
913.026	373.5277778
913.4	369.3666667
913.775	366.7655556
914.149	370.6666667
914.523	368.3255556
914.898	373.2666667
915.272	369.6266667
915.646	379.7688889
916.02	382.8888889
916.394	385.2288889
916.767	384.9688889
917.141	384.1888889
917.515	388.35
917.888	386.27
918.262	391.4711111
918.635	386.79
919.009	383.1488889
919.382	382.1088889
919.756	381.0688889
920.129	382.6288889
920.502	375.6077778
920.875	374.3077778
921.248	371.7066667
921.621	381.5888889
921.994	391.2111111
922.366	394.0722222
922.739	399.0133333
923.112	403.9544444
923.484	405.7744444
923.857	405.2544444
924.229	407.5944444
924.602	407.8555556
924.974	391.2111111
925.346	390.9511111
925.718	390.6911111
926.091	389.3911111
926.463	391.7322222
926.835	384.9711111
927.206	391.7322222
927.578	388.6111111
927.95	391.2111111
928.322	391.2111111
928.693	382.6288889
929.065	382.3688889
929.436	370.9255556
929.808	355.0611111
930.179	360.7822222
930.55	364.1633333
930.921	367.5444444
931.293	367.5444444
931.664	364.4244444
932.035	372.4866667
932.406	367.8055556
932.776	366.7655556
933.147	377.6877778
933.518	375.0877778
933.888	369.3666667
934.259	369.1066667
934.63	372.2277778
935	380.8088889
935.37	375.3466667
935.741	377.1666667
936.111	383.4077778
936.481	381.8477778
936.851	381.0666667
937.221	383.9266667
937.591	387.0477778
937.961	382.3666667
938.331	379.5066667
938.7	377.1666667
939.07	380.2877778
939.44	378.7277778
939.809	377.9477778
940.178	380.0288889
940.548	377.4288889
940.917	375.3477778
941.286	375.0877778
941.656	380.2888889
942.025	390.1711111
942.394	393.0311111
942.763	397.7122222
943.131	395.3722222
943.5	400.0533333
943.869	407.5944444
944.238	406.2944444
944.606	411.2355556
944.975	406.5544444
945.343	400.5733333
945.712	399.0133333
946.08	396.1522222
946.448	393.0311111
946.816	392.2511111
947.184	385.49
947.552	386.79
947.92	387.83
948.288	391.9911111
948.656	389.91
949.024	386.5288889
949.392	390.95
949.759	398.7511111
950.127	399.2711111
950.494	390.9488889
950.862	385.2277778
951.229	380.8066667
951.596	376.3855556
951.963	369.3644444
952.33	370.9255556
952.697	363.3844444
953.064	362.0844444
953.431	357.4033333
953.798	359.7444444
954.165	366.7666667
954.532	364.4266667
954.898	364.1666667
955.265	374.3088889
955.631	370.9277778
955.998	371.7077778
956.364	365.9866667
956.73	372.4877778
957.096	382.11
957.463	375.0877778
957.829	375.6077778
958.195	376.9077778
958.56	369.8866667
958.926	377.1688889
959.292	380.55
959.658	381.33
960.023	372.2277778
960.389	368.8466667
960.754	373.5277778
961.12	378.7288889
961.485	373.5277778
961.85	381.8488889
962.216	375.6066667
962.581	373.7855556
962.946	380.0266667
963.311	378.9866667
963.676	374.3055556
964.041	381.0666667
964.405	378.2055556
964.77	378.2055556
965.135	374.0444444
965.499	373.7844444
965.864	378.2055556
966.228	375.6055556
966.592	376.6455556
966.957	379.2466667
967.321	370.4055556
967.685	365.7244444
968.049	376.3866667
968.413	376.3866667
968.777	377.1666667
969.141	382.1077778
969.504	381.3277778
969.868	380.8077778
970.232	380.8077778
970.595	381.5877778
970.959	386.7888889
971.322	382.6277778
971.686	381.8477778
972.049	385.4888889
972.412	374.3066667
972.775	374.8266667
973.138	381.5888889
973.501	385.7488889
973.864	388.6088889
974.227	388.0888889
974.59	387.8288889
974.952	389.13
975.315	390.17
975.677	396.9311111
976.04	400.3122222
976.402	396.6711111
976.765	389.65
977.127	393.8111111
977.489	392.5111111
977.851	382.3688889
978.213	385.7488889
978.575	384.1888889
978.937	376.3877778
979.299	378.4677778
979.661	380.0277778
980.022	385.7488889
980.384	376.6466667
980.745	380.5477778
981.107	389.91
981.468	387.57
981.83	383.6688889
982.191	385.7488889
982.552	375.6066667
982.913	374.0466667
983.274	366.2455556
983.635	368.5866667
983.996	362.3444444
984.357	364.9455556
984.718	364.6855556
985.078	366.5066667
985.439	362.6055556
985.799	366.7666667
986.16	365.4666667
986.52	376.1288889
986.88	371.7077778
987.241	376.6488889
987.601	373.5277778
987.961	376.6477778
988.321	387.83
988.681	397.4522222
989.041	393.8111111
989.4	393.8111111
989.76	382.3677778
990.12	393.81
990.479	394.8511111
990.839	393.5511111
991.198	387.83
991.558	373.7866667
991.917	373.2666667
992.276	378.4677778
992.635	382.6277778
992.994	390.69
993.353	384.1888889
993.712	389.13
994.071	388.61
994.43	390.6911111
994.789	395.6322222
995.147	391.4711111
995.506	389.6511111
995.864	386.2711111
996.223	384.1911111
996.581	378.21
996.939	370.4077778
997.297	372.7477778
997.656	377.6888889
998.014	381.33
998.372	386.5311111
998.729	386.7911111
999.087	390.4311111
999.445	389.91
999.803	395.3711111
1000.16	392.77
1000.518	390.17
1000.875	383.1477778
1001.233	377.6866667
1001.59	375.8666667
1001.947	377.6866667
1002.304	375.3466667
1002.661	384.7088889
1003.018	385.2288889
1003.375	390.6911111
1003.732	394.8522222
1004.089	397.9733333
1004.446	399.5333333
1004.802	403.9544444
1005.159	395.8933333
1005.516	391.7322222
1005.872	383.4111111
1006.228	380.55
1006.585	380.55
1006.941	371.1877778
1007.297	381.07
1007.653	376.3888889
1008.009	377.4288889
1008.365	387.8311111
1008.721	389.3911111
1009.076	392.7711111
1009.432	398.7533333
1009.788	386.27
1010.143	392.5111111
1010.499	384.4488889
1010.854	391.47
1011.21	383.6688889
1011.565	381.5877778
1011.92	389.39
1012.275	383.4088889
1012.63	379.5077778
1012.985	379.7677778
1013.34	374.0466667
1013.695	370.1455556
1014.049	368.0655556
1014.404	364.9444444
1014.759	363.9044444
1015.113	360.5233333
1015.468	366.2444444
1015.822	364.1633333
1016.176	375.0855556
1016.53	381.3266667
1016.885	393.03
1017.239	395.8911111
1017.593	399.5322222
1017.947	395.6311111
1018.3	388.87
1018.654	384.97
1019.008	385.49
1019.362	382.63
1019.715	376.1288889
1020.069	364.4255556
1020.422	357.4033333
1020.775	355.5822222
1021.128	351.1611111
1021.482	357.4022222
1021.835	359.7422222
1022.188	362.3433333
1022.541	357.4022222
1022.894	358.1822222
1023.246	360.7833333
1023.599	361.8233333
1023.952	360.0033333
1024.304	362.6044444
1024.657	361.8244444
1025.009	353.7622222
1025.362	353.2422222
1025.714	355.3222222
1026.066	360.7833333
1026.418	354.2822222
1026.77	347.7811111
1027.122	351.6822222
1027.474	357.4033333
1027.826	352.4622222
1028.178	361.3044444
1028.529	357.6633333
1028.881	357.6633333
1029.233	353.7622222
1029.584	357.4022222
1029.935	360.7833333
1030.287	361.0433333
1030.638	363.6444444
1030.989	363.6444444
1031.34	362.8644444
1031.691	366.5055556
1032.042	362.3444444
1032.393	362.6044444
1032.744	367.2855556
1033.095	371.4466667
1033.445	370.4066667
1033.796	365.7255556
1034.146	368.19625
1034.497	365.3542857
1034.847	362.345
1035.197	372.176
